-0.6666666666666666
-0.1596871942267131
0.3333333333333333
0.07984359711335655
-0.6441666666666667
-0.3193743884534262
0.32208333333333333
0.1596871942267131
-0.6009729279564722
-0.47410479507110176
0.3004864639782361
0.23705239753555088
-0.5404481516944726
-0.6202425659536605
0.2702240758472363
0.3101212829768302
-0.46652441992022875
-0.7558099620958789
0.23326220996011438
0.37790498104793946
-0.38289384737923965
-0.8802373519200201
0.19144692368961982
0.44011867596001003
-0.2926052314289617
-0.993878134822989
0.14630261571448086
0.4969390674114945
-0.19798761083604405
-1.097566938582996
0.09899380541802202
0.548783469291498
-0.10073891856710145
-1.1923189075598966
0.05036945928355072
0.5961594537799483
-0.00206302640092935
-1.2791590308645682
0.001031513200464675
0.6395795154322841
0.09720087773278513
-1.359039601726702
-0.048600438866392565
0.679519800863351
0.19647463851949376
-1.4328086527915673
-0.09823731925974688
0.7164043263957837
0.2953641173558823
-1.5012047648367928
-0.14768205867794115
0.7506023824183964
0.3936040555549133
-1.564864044420798
-0.19680202777745665
0.782432022210399
0.4910192941860204
-1.624331741994066
-0.2455096470930102
0.812165870997033
0.5874976889075515
-1.6800747997201573
-0.29374884445377575
0.8400373998600786
0.6829712114616804
-1.7324936586266002
-0.3414856057308402
0.8662468293133001
0.7774027320700878
-1.781932690985093
-0.3887013660350439
0.8909663454925465
0.8707767370875872
-1.8286891226359718
-0.4353883685437936
0.9143445613179859
0.9630927789113228
-1.8730205316788053
-0.4815463894556614
0.9365102658394027
1.0543608315646442
-1.9151510936905307
-0.5271804157823221
0.9575755468452654
1.1445979831152058
-1.955276761704627
-0.5722989915576029
0.9776383808523135
1.2338260717949174
-1.9935695582739037
-0.6169130358974587
0.9967847791369518
1.3220699925520814
-2.0301811351512367
-0.6610349962760407
1.0150905675756183
1.4093564828310594
-2.065245732029437
-0.7046782414155297
1.0326228660147185
1.4957132528662993
-2.0988826431493655
-0.7478566264331497
1.0494413215746827
1.5811683649156896
-2.1311982808159753
-0.7905841824578448
1.0655991404079876
1.6657497931629586
-2.162287908240075
-0.8328748965814793
1.0811439541200376
1.7494851152050295
-2.1922371004455625
-0.8747425576025147
1.0961185502227813
1.8324012996186396
-2.2211229808640844
-0.9162006498093198
1.1105614904320422
1.9145245637778796
-2.249015272263633
-0.9572622818889398
1.1245076361318165
1.9958802830381694
-2.275977193435733
-0.9979401415190847
1.1379885967178665
2.076492937416978
-2.302066227261098
-1.038246468708489
1.151033113630549
2.1563860855453356
-2.3273347811055363
-1.0781930427726678
1.1636673905527681
2.2355823583268917
-2.3518307567381367
-1.1177911791634458
1.1759153783690683
2.314103466697328
-2.3755980439287665
-1.157051733348664
1.1877990219643833
2.391970219320876
-2.3986769494251816
-1.195985109660438
1.1993384747125908
2.469202547131215
-2.421104571015338
-1.2346012735656076
1.210552285507669
2.545819532420801
-2.442915124755481
-1.2729097662104005
1.2214575623777404
2.621839440777668
-2.464140232116293
-1.310919720388834
1.2320701160581464
2.6972797546143235
-2.4848091727097357
-1.3486398773071617
1.2424045863548678
2.7721572073677323
-2.504949107362255
-1.3860786036838662
1.2524745536811275
2.8464878177007233
-2.524585275558975
-1.4232439088503617
1.2622926377794874
2.9202869232241953
-2.5437411706692243
-1.4601434616120976
1.2718705853346122
2.993569213401685
-2.562438695852669
-1.4967846067008426
1.2812193479263345
3.0663487614046954
-2.580698303118773
-1.5331743807023477
1.2903491515593866
3.1386390547672467
-2.5985391176550405
-1.5693195273836233
1.2992695588275203
3.210453024747937
-2.615979049239317
-1.6052265123739684
1.3079895246196585
3.281803074352182
-2.6330348922983973
-1.640901537176091
1.3165174461491986
3.3527011050000617
-2.649722415961244
-1.6763505525000308
1.324861207980622
3.4231585418489905
-2.6660564452736724
-1.7115792709244952
1.3330282226368362
3.493186357797554
-2.682050934587034
-1.746593178898777
1.341025467293517
3.562795096208771
-2.6977190340017527
-1.7813975481043856
1.3488595170008764
3.6319948923991623
-2.7130731496339835
-1.8159974461995811
1.3565365748169917
3.7007954939451335
-2.728124998377032
-1.8503977469725668
1.364062499188516
3.7692062798611774
-2.7428856577461422
-1.8846031399305887
1.3714428288730711
3.8372362787057117
-2.757365611323608
-1.9186181393528559
1.378682805661804
3.904894185670511
-2.7715747902592764
-1.9524470928352555
1.3857873951296382
3.9721883787089425
-2.7855226112278864
-1.9860941893544712
1.3927613056139432
4.039126933756839
-2.7992180111980884
-2.0195634668784197
1.3996090055990442
4.105717639098053
-2.812669479327478
-2.0528588195490265
1.406334739663739
4.1719680089246225
-2.825885086262587
-2.0859840044623112
1.4129425431312934
4.2378852961392335
-2.8388725110918864
-2.1189426480696167
1.4194362555459432
4.303476504445296
-2.8516390661727504
-2.151738252222648
1.4258195330863752
4.368748399767537
-2.86419172002957
-2.1843741998837687
1.432095860014785
4.433707521043668
-2.8765371184992965
-2.216853760521834
1.4382685592496482
4.498360190425313
-2.888681604282264
-2.2491800952126564
1.444340802141132
4.562712522924155
-2.9006312350398744
-2.2813562614620775
1.4503156175199372
4.626770435537037
-2.9123918001663425
-2.3133852177685186
1.4561959000831712
4.690539655881706
-2.923968836348945
-2.345269827940853
1.4619844181744726
4.754025730372885
-2.935367642019911
-2.3770128651864426
1.4676838210099554
4.817234031966487
-2.9465932907930172
-2.4086170159832436
1.4732966453965086
4.880169767498008
-2.9576506439690182
-2.440084883749004
1.4788253219845091
4.942837984639461
-2.9685443621860146
-2.4714189923197303
1.4842721810930073
5.005243578497666
-2.9792789162837647
-2.502621789248833
1.4896394581418824
5.067391297875211
-2.989858597444531
-2.5336956489376057
1.4949292987222655
5.129285751214029
-3.0002875266673428
-2.5646428756070145
1.5001437633336714
5.190931412240264
-3.010569663627424
-2.595465706120132
1.505284831813712
5.252332625327874
-3.020708814967919
-2.626166312663937
1.5103544074839594
5.313493610597308
-3.0307086420669
-2.656746805298654
1.51535432103345
5.374418468764519
-3.0405726683189016
-2.6872092343822596
1.5202863341594508
5.435111185754641
-3.050304285966858
-2.7175555928773205
1.525152142983429
5.4955756370936975
-3.059906762517264
-2.7477878185468487
1.529953381258632
5.555815592090878
-3.0693832467686346
-2.777907796045439
1.5346916233843173
5.615834717823143
-3.078736774480837
-2.8079173589115713
1.5393683872404185
5.675636582933141
-3.087970273710611
-2.8378182914665704
1.5439851368553055
5.735224661250747
-3.097086569836536
-2.8676123306253736
1.548543284918268
5.7946023352479195
-3.1060883902948477
-2.8973011676239597
1.5530441951474239
5.8537728993359055
-3.1149783690457973
-2.9268864496679527
1.5574891845228986
5.91273956301334
-3.123759050788712
-2.95636978150667
1.561879525394356
5.971505453873204
-3.1324328949425073
-2.985752726936602
1.5662164474712537
6.030073620476163
-3.141002279407102
-3.0150368102380813
1.570501139703551
6.088447035097303
-3.149469504120037
-3.0442235175486516
1.5747347520600186
6.146628596352937
-3.1578367944215047
-3.0733142981764683
1.5789183972107523
6.204621131713655
-3.1661063042400195
-3.1023105658568273
1.5830531521200097
6.262427399909524
-3.174280119110071
-3.131213699954762
1.5871400595550356
6.32005009323292
-3.182360259032258
-3.16002504661646
1.591180129516129
6.377491839744197
-3.1903486811856543
-3.1887459198720984
1.5951743405928271
6.434755205385074
-3.1982472825014696
-3.217377602692537
1.5991236412507348
6.491842696004363
-3.2060579021064055
-3.2459213480021814
1.6030289510532028
6.548756759300355
-3.213782323643545
-3.2743783796501775
1.6068911618217725
6.605499786683983
-3.2214222774780525
-3.3027498933419914
1.6107111387390263
6.662074115066607
-3.2289794427944694
-3.3310370575333037
1.6144897213972347
6.718482028576089
-3.236455449591931
-3.3592410142880444
1.6182277247959655
6.774725760204569
-3.2438518805831977
-3.3873628801022844
1.6219259402915989
6.830807493391232
-3.2511702730030123
-3.415403746695616
1.6255851365015062
6.8867293635431155
-3.258412120330912
-3.4433646817715577
1.629206060165456
6.942493459496868
-3.2655788739333187
-3.471246729748434
1.6327894369666593
6.998101824924213
-3.2726719446293746
-3.4990509124621063
1.6363359723146873
7.05355645968371
-3.2796927041847543
-3.526778229841855
1.6398463520923772
7.108859321121296
-3.28664248673737
-3.554429660560648
1.643321243368685
7.164012325321897
-3.293522590158669
-3.5820061626609485
1.6467612950793344
7.21901734831437
-3.300334277353974
-3.609508674157185
1.650167138676987
7.273876227231824
-3.307078777505115
-3.636938113615912
1.6535393887525576
7.328590761429333
-3.3137572872583942
-3.6642953807146665
1.6568786436291971
7.383162713560909
-3.32037097186074
-3.6915813567804543
1.66018548593037
7.437593810617521
-3.326920966246739
-3.7187969053087606
1.6634604831233695
7.4918857449278615
-3.3334083760790705
-3.7459428724639308
1.6667041880395352
7.546040175123467
-3.339834278744716
-3.7730200875617337
1.669917139372358
7.600058727069717
-3.3461997243091783
-3.8000293635348585
1.6730998621545892
7.653942994764166
-3.3525057364308215
-3.826971497382083
1.6762528682154108
7.707694541203591
-3.358753313237302
-3.8538472706017957
1.679376656618651
7.7613148992210705
-3.364943428165973
-3.8806574496105353
1.6824717140829866
7.814805572294329
-3.371077030770012
-3.9074027861471645
1.685538515385006
7.868168035326553
-3.377155047491941
-3.9340840176632765
1.6885775237459706
7.921403735400802
-3.3831783824061104
-3.960701867700401
1.6915891912030552
7.974514092509084
-3.389147917931619
-3.987257046254542
1.6945739589658095
8.027500500257137
-3.39506451551708
-4.0137502501285685
1.69753225775854
8.08036432654588
-3.40092901629855
-4.04018216327294
1.700464508149275
8.133106914230469
-3.4067422417318767
-4.066553457115234
1.7033711208659383
8.185729581757853
-3.412504994200644
-4.092864790878926
1.706252497100322
8.23823362378367
-3.4182180576008427
-4.119116811891835
1.7091090288004214
8.290620311769292
-3.4238821979033194
-4.145310155884646
1.7119410989516597
8.34289089455979
-3.429498163695012
-4.171445447279895
1.714749081847506
8.395046598943564
-3.4350666866999267
-4.197523299471782
1.7175333433499633
8.447088630194326
-3.440588482280756
-4.223544315097163
1.720294241140378
8.49901817259612
-3.446064249921996
-4.24950908629806
1.723032124960998
8.550836389952021
-3.4514946736953704
-4.275418194976011
1.7257473368476852
8.60254442607712
-3.456880422708347
-4.30127221303856
1.7284402113541735
8.65414340527638
-3.4622221515364555
-4.32707170263819
1.7311110757682278
8.70563443280794
-3.4675205006401253
-4.35281721640397
1.7337602503200626
8.757018595332376
-3.4727760967666885
-4.378509297666188
1.7363880483833443
8.808296961348471
-3.477989553338185
-4.404148480674236
1.7389947766690925
8.859470581615945
-3.4831614708255643
-4.429735290807972
1.7415807354127821
8.910540489565648
-3.488292437109851
-4.455270244782824
1.7441462185549255
8.96150770169764
-3.493383027830817
-4.48075385084882
1.7466915139154084
9.012373217967625
-3.4984338067236735
-4.506186608983812
1.7492169033618368
9.063138022162105
-3.5034453259442775
-4.531569011081053
1.7517226629721387
9.113803082262708
-3.508418126383312
-4.556901541131354
1.754209063191656
9.164369350800008
-3.513352737969893
-4.582184675400004
1.7566763689849465
9.21483776519726
-3.518249679965021
-4.60741888259863
1.7591248399825106
9.265209248104362
-3.52310946124529
-4.632604624052181
1.761554730622645
9.31548470772239
-3.5279325805772253
-4.657742353861195
1.7639662902886126
9.365665038119042
-3.5327195268826364
-4.682832519059521
1.7663597634413182
9.415751119535267
-3.5374707794953246
-4.707875559767634
1.7687353897476623
9.465743818683425
-3.5421868084094794
-4.732871909341712
1.7710934042047397
9.515643989037208
-3.546868074520093
-4.757821994518604
1.7734340372600466
9.565452471113648
-3.5515150298556937
-4.782726235556824
1.7757575149278468
9.615170092747436
-3.5561281178036896
-4.807585046373718
1.7780640589018448
9.664797669357819
-3.560707773328604
-4.8323988346789095
1.780353886664302
9.71433600420834
-3.5652544231834717
-4.85716800210417
1.7826272115917359
9.763785888659607
-3.5697684861146444
-4.881892944329803
1.7848842430573222
9.813148102415369
-3.5742503730602633
-4.906574051207684
1.7871251865301316
9.862423413762068
-3.5787004873426165
-4.931211706881034
1.7893502436713082
9.911612579802124
-3.583119224854621
-4.955806289901062
1.7915596124273105
9.9607163466811
-3.5875069742406294
-4.98035817334055
1.7937534871203147
10.009735449808986
-3.5918641170717773
-5.004867724904493
1.7959320585358887
10.05867061407577
-3.596191028016067
-5.029335307037885
1.7980955140080335
10.107522554061454
-3.6004880750033674
-5.053761277030727
1.8002440375016837
10.156291974240737
-3.6047556193855232
-5.078145987120369
1.8023778096927616
10.204979569182486
-3.608994016091737
-5.102489784591243
1.8044970080458684
10.25358602374416
-3.613203613779394
-5.12679301187208
1.806601806889697
10.302112013261382
-3.6173847549804927
-5.151056006630691
1.8086923774902464
10.35055820373275
-3.6215377762438274
-5.175279101866375
1.8107688881219137
10.398925252000078
-3.625663008273071
-5.199462626000039
1.8128315041365355
10.447213805924175
-3.6297607760609045
-5.2236069029620875
1.8148803880304523
10.495424504556311
-3.6338313990193236
-5.247712252278156
1.8169156995096618
10.543557978305495
-3.6378751911062506
-5.271778989152748
1.8189375955531253
10.591614849101685
-3.6418924609485814
-5.295807424550842
1.8209462304742907
10.639595730555055
-3.645883511961785
-5.319797865277527
1.8229417559808925
10.687501228111444
-3.64984864246617
-5.343750614055722
1.824924321233085
10.735331939204066
-3.653788145799931
-5.367665969602033
1.8268940728999654
10.783088453401632
-3.6577023104290753
-5.391544226700816
1.8288511552145377
10.830771352552953
-3.661591420054347
-5.415385676276476
1.8307957100271735
10.878381210928154
-3.6654557537152255
-5.439190605464077
1.8327278768576127
10.925918595356567
-3.6692955858911125
-5.4629592976782835
1.8346477929455562
10.973384065361419
-3.673111186599789
-5.486692032680709
1.8365555932998945
11.020778173291397
-3.6769028214932296
-5.510389086645699
1.8384514107466148
11.068101464449178
-3.6806707519508644
-5.534050732224589
1.8403353759754322
11.11535447721702
-3.684415235170365
-5.55767723860851
1.8422076175851825
11.162537743179472
-3.6881365242560324
-5.581268871589736
1.8440682621280162
11.209651787243304
-3.691834868304868
-5.604825893621652
1.845917434152434
11.256697127754734
-3.6955105124903938
-5.628348563877367
1.8477552562451969
11.303674276614005
-3.699163698144295
-5.651837138307003
1.8495818490721474
11.350583739387417
-3.702794662835953
-5.675291869693709
1.8513973314179766
11.397426015416844
-3.7064036404499365
-5.698713007708422
1.8532018202249683
11.444201597926845
-3.709990861261499
-5.722100798963423
1.8549954306307495
11.490910974129402
-3.713556552010168
-5.745455487064701
1.856778276005084
11.537554625326361
-3.7171009359714624
-5.768777312663181
1.8585504679857312
11.58413302700965
-3.7206242330268045
-5.792066513504825
1.8603121165134022
11.630646648959292
-3.72412665973168
-5.815323324479646
1.86206332986584
11.67709595533934
-3.7276084293820966
-5.83854797766967
1.8638042146910483
11.723481404791702
-3.7310697520793923
-5.861740702395851
1.8655348760396961
11.769803450527998
-3.7345108347934444
-5.884901725263999
1.8672554173967222
11.81606254041943
-3.737931881424325
-5.908031270209715
1.8689659407121626
11.862259117084758
-3.7413330928624444
-5.931129558542379
1.8706665464312222
11.908393617976424
-3.744714667047236
-5.954196808988212
1.872357333523618
11.954466475464852
-3.7480767990244175
-5.977233237732426
1.8740383995122087
12.000478116920997
-3.7514196810018667
-6.000239058460498
1.8757098405009334
12.046428964797169
-3.7547435024041667
-6.0232144823985845
1.8773717512020833
12.092319436706191
-3.758048449925841
-6.0461597183530955
1.8790242249629205
12.138149945498904
-3.761334707583324
-6.069074972749452
1.880667353791662
12.183920899340109
-3.7646024567657066
-6.091960449670054
1.8823012283828533
12.229632701782927
-3.767851876284282
-6.114816350891464
1.883925938142141
12.275285751841679
-3.7710831424209346
-6.1376428759208395
1.8855415712104673
12.320880444063251
-3.7742964289753975
-6.1604402220316254
1.8871482144876988
12.36641716859706
-3.7774919073114157
-6.18320858429853
1.8887459536557079
12.411896311263579
-3.7806697464018404
-6.2059481556317895
1.8903348732009202
12.457318253621523
-3.7838301128726863
-6.228659126810761
1.8919150564363432
12.502683373033673
-3.7869731710461805
-6.251341686516836
1.8934865855230902
12.547992042731423
-3.790099082982831
-6.273996021365711
1.8950495414914155
12.593244631878022
-3.793208008522538
-6.296622315939011
1.896604004261269
12.638441505630606
-3.796300105324783
-6.319220752815303
1.8981500526623916
12.683583025200996
-3.799375528907906
-6.341791512600498
1.899687764453953
12.728669547915311
-3.802434432687506
-6.364334773957656
1.901217216343753
12.773701427272451
-3.805476968013992
-6.386850713636226
1.902738484006996
12.818679013001423
-3.8085032842092925
-6.409339506500712
1.9042516421046463
12.863602651117578
-3.811513528602756
-6.431801325558789
1.905756764301378
12.908472683977772
-3.814507846566267
-6.454236341988886
1.9072539232831336
12.953289450334475
-3.817486381548589
-6.476644725167238
1.9087431907742944
12.998053285388853
-3.8204492751089547
-6.499026642694426
1.9102246375544774
13.042764520842846
-3.823396666949938
-6.521382260421423
1.911698333474969
13.087423484950271
-3.8263286949496047
-6.543711742475136
1.9131643474748024
13.132030502566964
-3.8292454951929775
-6.566015251283482
1.9146227475964888
13.176585895199985
-3.832147202002824
-6.588292947599992
1.916073601001412
13.221089981055911
-3.835033947969789
-6.610544990527956
1.9175169739848945
13.265543075088239
-3.8379058639818866
-6.632771537544119
1.9189529319909433
13.309945489043908
-3.840763079253369
-6.654972744521954
1.9203815396266846
13.354297531508978
-3.8436057213529833
-6.677148765754489
1.9218028606764916
13.398599507953458
-3.84643391623164
-6.699299753976729
1.92321695811582
13.442851720775334
-3.849247788249503
-6.721425860387667
1.9246238941247515
13.487054469343796
-3.8520474602025105
-6.743527234671898
1.9260237301012553
13.531208050041672
-3.8548330533483552
-6.765604025020836
1.9274165266741776
13.575312756307117
-3.85760468743192
-6.787656378153558
1.92880234371596
13.619368878674544
-3.8603624807101955
-6.809684439337272
1.9301812403550977
13.663376704814825
-3.8631065499766875
-6.831688352407412
1.9315532749883437
13.707336519574781
-3.8658370105853264
-6.853668259787391
1.9329185052926632
13.751248605015975
-3.868553976473889
-6.875624302507988
1.9342769882369446
13.795113240452821
-3.87125756018695
-6.8975566202264105
1.935628780093475
13.838930702490012
-3.873947872898369
-6.919465351245006
1.9369739364491845
13.882701265059312
-3.876625024433328
-6.941350632529656
1.938312512216664
13.926425199455695
-3.879289123289928
-6.963212599727847
1.939644561644964
13.970102774372856
-3.8819402766603552
-6.985051387186428
1.9409701383301776
14.01373425593812
-3.884578590451629
-7.00686712796906
1.9422892952258144
14.057319907746734
-3.8872041693059387
-7.028659953873367
1.9436020846529694
14.100859990895582
-3.889817116620583
-7.050429995447791
1.9449085583102914
14.144354764016322
-3.8924175345675143
-7.072177382008161
1.9462087672837571
14.18780448330795
-3.8950055241125074
-7.093902241653975
1.9475027620562537
14.231209402568826
-3.8975811850339506
-7.115604701284413
1.9487905925169753
14.274569773228155
-3.9001446159412767
-7.1372848866140775
1.9500723079706384
14.317885844376924
-3.9026959142930355
-7.158942922188462
1.9513479571465178
14.361157862798338
-3.905235176414621
-7.180578931399169
1.9526175882073105
14.40438607299774
-3.9077624975156593
-7.20219303649887
1.9538812487578296
14.447570717232033
-3.910277971707064
-7.223785358616016
1.955138985853532
14.490712035538614
-3.912781692017767
-7.245356017769307
1.9563908460088835
14.533810265763835
-3.9152737504111355
-7.266905132881917
1.9576368752055677
14.576865643590985
-3.917754237801077
-7.288432821795492
1.9588771189005385
14.619878402567823
-3.9202232440678406
-7.309939201283911
1.9601116220339203
14.66284877413366
-3.922680858073529
-7.33142438706683
1.9613404290367644
14.705776987645994
-3.925127167677312
-7.352888493822997
1.962563583838656
14.748663270406716
-3.927562259750364
-7.374331635203358
1.963781129875182
14.791507847687893
-3.9299862201905253
-7.395753923843946
1.9649931100952627
14.834310942757138
-3.9323991339366886
-7.417155471378569
1.9661995669683443
14.877072776902576
-3.934801084982925
-7.438536388451288
1.9674005424914625
14.91979356945739
-3.9371921563923493
-7.459896784728695
1.9685960781961747
14.962473537824005
-3.939572430310733
-7.4812367689120025
1.9697862151553664
15.005112897497874
-3.941941987979872
-7.502556448748937
1.970970993989936
15.047711862090878
-3.944300909750709
-7.523855931045439
1.9721504548753546
15.090270643354376
-3.946649275096222
-7.545135321677188
1.973324637548111
15.132789451201887
-3.948987162624077
-7.566394725600944
1.9744935813120386
15.175268493731402
-3.951314650089061
-7.587634246865701
1.9756573250445304
15.217707977247372
-3.9536318144052847
-7.608853988623686
1.9768159072026423
15.260108106282335
-3.955938731658176
-7.630054053141167
1.977969365829088
15.302469083618222
-3.9582354771162547
-7.651234541809111
1.9791177385581273
15.344791110307321
-3.9605221252427034
-7.672395555153661
1.9802610626213517
15.387074385692927
-3.962798749706734
-7.693537192846463
1.981399374853367
15.429319107429674
-3.9650654233947504
-7.714659553714837
1.9825327116973752
15.471525471503558
-3.9673222184213257
-7.735762735751779
1.9836611092106629
15.51369367225165
-3.969569206139977
-7.756846836125825
1.9847846030699885
15.555823902381512
-3.9718064571537615
-7.777911951190756
1.9859032285768807
15.59791635299032
-3.974034041325686
-7.79895817649516
1.987017020662843
15.639971213583701
-3.9762520277889366
-7.8199856067918505
1.9881260138944683
15.681988672094286
-3.978460484956935
-7.840994336047143
1.9892302424784676
15.72396891489998
-3.98065948053322
-7.86198445744999
1.99032974026661
15.76591212684197
-3.9828490815211612
-7.882956063420985
1.9914245407605806
15.807818491242445
-3.985029354233509
-7.9039092456212225
1.9925146771167546
15.849688189922084
-3.9872003643017813
-7.924844094961042
1.9936001821508906
15.891521403217254
-3.989362176685491
-7.945760701608627
1.9946810883427455
15.933318309996984
-3.991514855681221
-7.966659154998492
1.9957574278406105
15.975079087679662
-3.9936584649315443
-7.987539543839831
1.9968292324657722
16.016803912249507
-3.9957930674337954
-8.008401956124754
1.9978965337168977
16.0584929582728
-3.997918725548696
-8.0292464791364
1.998959362774348
16.100146398913864
-4.000035501008838
-8.050073199456932
2.000017750504419
16.141764405950823
-4.002143454927027
-8.070882202975412
2.0010717274635135
16.183347149791143
-4.004242647804481
-8.091673574895571
2.0021213239022404
16.224894799486933
-4.006333139538905
-8.112447399743466
2.0031665697694523
16.26640752275003
-4.008414989432428
-8.133203761375015
2.004207494716214
16.30788548596687
-4.010488256199405
-8.153942742983435
2.0052441280997026
16.34932885421317
-4.012552997974107
-8.174664427106585
2.0062764989870536
16.390737791268336
-4.014609272318266
-8.195368895634168
2.007304636159133
16.432112459629757
-4.0166571362285115
-8.216056229814878
2.0083285681142558
16.473453020526822
-4.01869664614369
-8.236726510263411
2.009348323071845
16.514759633934773
-4.0207278579520525
-8.257379816967386
2.0103639289760262
16.556032458588362
-4.0227508269983385
-8.278016229294181
2.0113754134991693
16.59727165199532
-4.024765608090744
-8.29863582599766
2.012382804045372
16.638477370449625
-4.026772255507778
-8.319238685224812
2.013386127753889
16.679649769044584
-4.028770823005004
-8.339824884522292
2.014385411502502
16.72078900168576
-4.030761363821691
-8.36039450084288
2.0153806819108455
16.761895221103693
-4.0327439306873405
-8.380947610551846
2.0163719653436702
16.80296857886646
-4.0347185758281245
-8.40148428943323
2.0173592879140623
16.844009225392046
-4.036685350973215
-8.422004612696023
2.0183426754866076
16.88501730996058
-4.038644307361022
-8.44250865498029
2.019322153680511
16.925992980726363
-4.040595495745321
-8.462996490363182
2.0202977478726605
16.966936384729756
-4.0425389664013025
-8.483468192364878
2.0212694832006513
17.007847667908912
-4.044474769131514
-8.503923833954456
2.022237384565757
17.048726975111318
-4.04640295327172
-8.524363487555659
2.02320147663586
17.08957445010523
-4.04832356769666
-8.544787225052614
2.02416178384833
17.1303902355909
-4.050236660825735
-8.56519511779545
2.0251183304128677
17.171174473211714
-4.05214228062859
-8.585587236605857
2.026071140314295
17.2119273035651
-4.05404047463062
-8.60596365178255
2.02702023731531
17.252648866213384
-4.055931289918394
-8.626324433106692
2.027965644959197
17.29333929969443
-4.057814773144994
-8.646669649847215
2.028907386572497
17.333998741532163
-4.059690970535268
-8.666999370766082
2.029845485267634
17.374627328246977
-4.061559927891015
-8.687313664123488
2.0307799639455073
17.415225195365956
-4.063421690596082
-8.707612597682978
2.031710845298041
17.455792477433004
-4.06527630362139
-8.727896238716502
2.032638151810695
17.496329308018833
-4.067123811529888
-8.748164654009416
2.033561905764944
17.536835819730797
-4.0689642584814205
-8.768417909865398
2.0344821292407103
17.577312144222628
-4.070797688237539
-8.788656072111314
2.0353988441187694
17.617758412204033
-4.072624144166227
-8.808879206102016
2.0363120720831134
17.65817475345017
-4.0744436692465715
-8.829087376725084
2.0372218346232858
17.69856129681098
-4.0762563060733505
-8.84928064840549
2.0381281530366753
17.73891817022045
-4.0780620968615615
-8.869459085110226
2.0390310484307808
17.7792455007057
-4.07986108345088
-8.88962275035285
2.03993054172544
17.819543414395987
-4.08165330731006
-8.909771707197994
2.04082665365503
17.859812036531597
-4.083438809541261
-8.929906018265799
2.0417194047706304
17.900051491472592
-4.0852176308843156
-8.950025745736296
2.0426088154421578
17.940261902707487
-4.086989811720941
-8.970130951353743
2.0434949058604706
17.98044339286179
-4.088755392078881
-8.990221696430895
2.0443776960394406
18.020596083706444
-4.090514411635994
-9.010298041853222
2.045257205817997
18.06072009616616
-4.092266909724282
-9.03036004808308
2.046133454862141
18.100815550327646
-4.094012925333859
-9.050407775163823
2.0470064626669293
18.14088256544774
-4.095752497116864
-9.07044128272387
2.047876248558432
18.180921259961423
-4.097485663391325
-9.090460629980711
2.0487428316956624
18.220931751489758
-4.099212462144952
-9.110465875744879
2.049606231072476
18.26091415684772
-4.100932931038898
-9.13045707842386
2.050466465519449
18.3008685920519
-4.102647107411445
-9.15043429602595
2.0513235537057226
18.34079517232818
-4.10435502828166
-9.17039758616409
2.05217751414083
18.380694012119246
-4.106056730352977
-9.190347006059623
2.0530283651764885
18.420565225092048
-4.107752250016748
-9.210282612546024
2.053876125008374
18.46040892414516
-4.109441623355737
-9.23020446207258
2.0547208116778686
18.500225221416038
-4.111124886147561
-9.250112610708019
2.0555624430737804
18.540014228288214
-4.112802073868091
-9.270007114144107
2.0564010369340453
18.579776055398384
-4.114473221694798
-9.289888027699192
2.057236610847399
18.6195108126434
-4.116138364510068
-9.3097554063217
2.058069182255034
18.659218609187228
-4.1177975369044475
-9.329609304593614
2.0588987684522237
18.698899553467754
-4.119450773179867
-9.349449776733877
2.0597253865899336
18.738553753203558
-4.12109810735281
-9.369276876601779
2.060549053676405
18.778181315400584
-4.1227395731574354
-9.389090657700292
2.0613697865787177
18.817782346358744
-4.1243752040486665
-9.408891173179372
2.0621876020243333
18.857356951678433
-4.1260050332052325
-9.428678475839217
2.0630025166026162
18.896905236266964
-4.12762909353267
-9.448452618133482
2.063814546766335
18.93642730434495
-4.129247417666285
-9.468213652172475
2.0646237088331425
18.97592325945257
-4.13086003797407
-9.487961629726286
2.065430018987035
19.015393204455815
-4.132466986559592
-9.507696602227908
2.066233493279796
19.054837241552598
-4.134068295264829
-9.527418620776299
2.0670341476324143
19.09425547227885
-4.1356639956729815
-9.547127736139425
2.0678319978364907
19.133647997514505
-4.137254119111238
-9.566823998757252
2.068627059555619
19.17301491748944
-4.138838696653504
-9.58650745874472
2.069419348326752
19.212356331789334
-4.140417759123101
-9.606178165894667
2.0702088795615503
19.251672339361455
-4.141991337095423
-9.625836169680728
2.0709956685477113
19.290963038520395
-4.143559460900564
-9.645481519260198
2.071779730450282
19.33022852695372
-4.1451221606259026
-9.66511426347686
2.0725610803129513
19.369468901727586
-4.1466794661186634
-9.684734450863793
2.0733397330593317
19.408684259292237
-4.148231406988438
-9.704342129646118
2.074115703494219
19.447874695487503
-4.149778012609671
-9.723937347743751
2.0748890063048355
19.48704030554819
-4.151319312124123
-9.743520152774096
2.0756596560620615
19.526181184109436
-4.1528553344432915
-9.763090592054718
2.0764276672216457
19.565297425211973
-4.154386108250806
-9.782648712605987
2.077193054125403
19.604389122307367
-4.155911662004793
-9.802194561153684
2.0779558310023964
19.64345636826319
-4.157432023940205
-9.821728184131596
2.0787160119701027
19.6824992553681
-4.158947222071128
-9.84124962768405
2.079473611035564
19.721517875336914
-4.160457284193049
-9.860758937668457
2.0802286420965244
19.760512319315588
-4.161962237885103
-9.880256159657794
2.0809811189425513
19.799482677886154
-4.16346211051229
-9.899741338943077
2.081731055256145
19.83842904107161
-4.16495692922766
-9.919214520535805
2.08247846461383
19.877351498340733
-4.166446720974474
-9.938675749170367
2.083223360487237
19.916250138612867
-4.167931512488334
-9.958125069306433
2.083965756244167
19.95512505026263
-4.16941133029929
-9.977562525131315
2.084705665149645
19.9939763211246
-4.170886200733921
-9.9969881605623
2.0854431003669607
20.032804038497908
-4.172356149917382
-10.016402019248954
2.086178074958691
20.07160828915083
-4.1738212037754385
-10.035804144575415
2.0869106018877193
20.11038915932528
-4.17528138803646
-10.05519457966264
2.08764069401823
20.149146734741297
-4.176736728233404
-10.074573367370649
2.088368364116702
20.187881100601448
-4.178187249705764
-10.093940550300724
2.089093624852882
20.226592341595207
-4.179632977601499
-10.113296170797604
2.0898164888007495
20.26528054190327
-4.181073936878938
-10.132640270951635
2.090536968439469
20.30394578520184
-4.182510152308657
-10.15197289260092
2.0912550761543285
20.34258815466685
-4.183941648475342
-10.171294077333425
2.091970824237671
20.381207732978147
-4.18536844977962
-10.190603866489074
2.09268422488981
20.419804602323644
-4.186790580439873
-10.209902301161822
2.0933952902199366
20.458378844403384
-4.188208064494026
-10.229189422201692
2.094104032247013
20.49693054043363
-4.189620925801316
-10.248465270216816
2.094810462900658
20.53545977115084
-4.19102918804404
-10.26772988557542
2.09551459402202
20.573966616815653
-4.192432874729279
-10.286983308407827
2.0962164373646397
20.6124511572168
-4.193832009190604
-10.3062255786084
2.096916004595302
20.65091347167499
-4.195226614589757
-10.325456735837495
2.0976133072948784
20.689353639046747
-4.196616713918317
-10.344676819523373
2.0983083569591585
20.72777173772822
-4.198002329999347
-10.36388586886411
2.0990011649996734
20.76616784565892
-4.19938348548901
-10.38308392282946
2.099691742744505
20.804542040325472
-4.20076020287818
-10.402271020162736
2.10038010143909
20.842894398765274
-4.202132504494026
-10.421447199382637
2.101066252247013
20.881224997570136
-4.203500412501578
-10.440612498785068
2.101750206250789
20.919533912889904
-4.204863948905274
-10.459766956444952
2.102431974452637
20.957821220436017
-4.206223135550491
-10.478910610218009
2.1031115677752457
20.996086995485037
-4.2075779941250575
-10.498043497742518
2.1037889970625288
21.034331312882134
-4.2089285461607435
-10.517165656441067
2.1044642730803718
21.07255424704457
-4.21027481303474
-10.536277123522286
2.10513740651737
21.110755871965093
-4.211616815971117
-10.555377935982547
2.1058084079855584
21.14893626121534
-4.212954576042264
-10.57446813060767
2.106477288021132
21.18709548794918
-4.214288114170319
-10.59354774397459
2.1071440570851596
21.225233624906043
-4.215617451128568
-10.612616812453021
2.107808725564284
21.263350744414193
-4.216942607542847
-10.631675372207097
2.1084713037714233
21.301446918393985
-4.218263603892909
-10.650723459196993
2.1091318019464547
21.339522218361076
-4.219580460513793
-10.669761109180538
2.1097902302568965
21.377576715429626
-4.220893197597157
-10.688788357714813
2.1104465987985783
21.415610480315426
-4.2222018351926165
-10.707805240157713
2.1111009175963082
21.45362358333904
-4.2235063932090515
-10.72681179166952
2.1117531966045258
21.491616094428885
-4.224806891415909
-10.745808047214442
2.1124034457079546
21.52958808312429
-4.2261033494444815
-10.764794041562144
2.1130516747222408
21.567539618578525
-4.227395786789181
-10.783769809289263
2.1136978933945905
21.605470769561798
-4.228684222808788
-10.802735384780899
2.114342111404394
21.643381604464224
-4.2299686767276965
-10.821690802232112
2.1149843383638482
21.681272191298753
-4.231249167637136
-10.840636095649376
2.115624583818568
21.7191425977041
-4.232525714496386
-10.85957129885205
2.116262857248193
21.756992890947608
-4.233798336133973
-10.878496445473804
2.1168991680669866
21.7948231379281
-4.235067051248855
-10.89741156896405
2.1175335256244274
21.83263340517871
-4.236331878411593
-10.916316702589356
2.1181659392057965
21.87042375886967
-4.237592836065513
-10.935211879434835
2.1187964180327565
21.90819426481109
-4.238849942527845
-10.954097132405545
2.1194249712639226
21.945944988455686
-4.240103215990862
-10.972972494227843
2.120051607995431
21.983675994901503
-4.241352674522994
-10.991837997450752
2.120676337261497
22.021387348894585
-4.242598336069941
-11.010693674447293
2.1212991680349704
22.059079114831675
-4.243840218455762
-11.029539557415838
2.121920109227881
22.09675135676281
-4.2450783393839675
-11.048375678381404
2.1225391696919838
22.134404138393947
-4.24631271643858
-11.067202069196973
2.12315635821929
22.172037523089557
-4.2475433670852
-11.086018761544778
2.1237716835426
22.209651573875163
-4.24877030867205
-11.104825786937582
2.124385154336025
22.2472463534399
-4.249993558431016
-11.12362317671995
2.124996779215508
22.284821924139003
-4.251213133478666
-11.142410962069501
2.125606566739333
22.32237834799631
-4.252429050817267
-11.161189173998155
2.1262145254086335
22.359915686706717
-4.253641327335787
-11.179957843353359
2.1268206636678935
22.39743400163862
-4.254849979810888
-11.19871700081931
2.127424989905444
22.43493335383633
-4.256055024907902
-11.217466676918164
2.128027512453951
22.472413804022455
-4.257256479181809
-11.236206902011228
2.1286282395909044
22.5098754126003
-4.258454359078188
-11.25493770630015
2.129227179539094
22.547318239656196
-4.259648680934174
-11.273659119828098
2.129824340467087
22.584742344961803
-4.260839460979394
-11.292371172480902
2.130419730489697
22.622147787976463
-4.2620267153368925
-11.311073893988231
2.1310133576684462
22.65953462784944
-4.263210460024059
-11.32976731392472
2.1316052300120294
22.696902923422194
-4.2643907109535295
-11.348451461711097
2.1321953554767648
22.73425273323064
-4.265567483934088
-11.36712636661532
2.132783741967044
22.771584115507338
-4.266740794671562
-11.385792057753669
2.133370397335781
22.808897128183695
-4.267910658769693
-11.404448564091847
2.1339553293848463
22.846191828892167
-4.269077091731017
-11.423095914446083
2.1345385458655084
22.883468274968386
-4.27024010895772
-11.441734137484193
2.13512005447886
22.920726523453315
-4.271399725752498
-11.460363261726657
2.135699862876249
22.95796663109536
-4.2725559573193905
-11.47898331554768
2.1362779786596953
22.99518865435246
-4.273708818764625
-11.49759432717623
2.1368544093823125
23.032392649394186
-4.274858325097438
-11.516196324697093
2.137429162548719
23.069578672103777
-4.276004491230895
-11.534789336051888
2.1380022456154477
23.106746778080197
-4.277147331982699
-11.553373389040098
2.1385736659913497
23.14389702264015
-4.27828686207599
-11.571948511320075
2.139143431037995
23.181029460820085
-4.279423096140136
-11.590514730410042
2.139711548070068
23.21814414737817
-4.280556048711523
-11.609072073689084
2.1402780243557613
23.25524113679628
-4.281685734234321
-11.62762056839814
2.1408428671171604
23.29232048328193
-4.282812167061264
-11.646160241640965
2.141406083530632
23.329382240770215
-4.2839353614543985
-11.664691120385108
2.1419676807271992
23.36642646292571
-4.285055331585843
-11.683213231462855
2.1425276657929215
23.403453203144387
-4.286172091538529
-11.701726601572194
2.1430860457692646
23.44046251455548
-4.287285655306938
-11.72023125727774
2.143642827653469
23.47745445002335
-4.288396036797833
-11.738727225011676
2.1441980183989164
23.514429062149336
-4.289503249830974
-11.757214531074668
2.144751624915487
23.551386403273572
-4.290607308139842
-11.775693201636786
2.145303654069921
23.58832652547682
-4.2917082253723375
-11.79416326273841
2.1458541126861688
23.625249480582244
-4.292806015091483
-11.812624740291122
2.1464030075457416
23.662155320157215
-4.293900690776119
-11.831077660078607
2.1469503453880594
23.699044095515053
-4.294992265821584
-11.849522047757526
2.147496132910792
23.73591585771679
-4.296080753540398
-11.867957928858395
2.148040376770199
23.772770657572895
-4.297166167162932
-11.886385328786448
2.148583083581466
23.80960854564501
-4.298248519838076
-11.904804272822505
2.149124259919038
23.84642957224763
-4.299327824633892
-11.923214786123815
2.149663912316946
23.8832337874498
-4.300404094538271
-11.9416168937249
2.1502020472691354
23.920021241076803
-4.301477342459577
-11.960010620538402
2.1507386712297887
23.9567919827118
-4.302547581227287
-11.9783959913559
2.1512737906136437
23.99354606169748
-4.303614823592621
-11.99677303084874
2.1518074117963106
24.03028352713769
-4.304679082229168
-12.015141763568845
2.152339541114584
24.067004427899064
-4.30574036973351
-12.033502213949532
2.152870184866755
24.103708812612595
-4.306798698625833
-12.051854406306298
2.1533993493129167
24.14039672967525
-4.307854081350536
-12.070198364837625
2.153927040675268
24.17706822725153
-4.308906530276831
-12.088534113625766
2.1544532651384154
24.21372335327505
-4.309956057699341
-12.106861676637525
2.1549780288496705
24.250362155450052
-4.31100267583869
-12.125181077725026
2.155501337919345
24.286984681252964
-4.312046396842087
-12.143492340626482
2.1560231984210434
24.323590977933918
-4.313087232783902
-12.161795488966959
2.156543616391951
24.360181092518246
-4.314125195666243
-12.180090546259123
2.1570625978331215
24.396755071807995
-4.315160297419521
-12.198377535903997
2.1575801487097603
24.433312962383386
-4.316192549903013
-12.216656481191693
2.1580962749515065
24.469854810604296
-4.317221964905417
-12.234927405302148
2.1586109824527084
24.50638066261171
-4.318248554145403
-12.253190331305856
2.1591242770727015
24.542890564329173
-4.3192723292721595
-12.271445282164587
2.1596361646360798
24.57938456146421
-4.320293301865935
-12.289692280732105
2.1601466509329676
24.61586269950975
-4.321311483438571
-12.307931349754876
2.1606557417192853
24.65232502374555
-4.3223268854340295
-12.326162511872775
2.1611634427170148
24.68877157923956
-4.3233395192289255
-12.34438578961978
2.1616697596144627
24.725202410849327
-4.324349396133041
-12.362601205424664
2.1621746980665204
24.761617563223375
-4.3253565273898404
-12.380808781611687
2.1626782636949202
24.798017080802545
-4.326360924176981
-12.399008540401272
2.1631804620884907
24.834401007821363
-4.327362597606822
-12.417200503910681
2.163681298803411
24.87076938830937
-4.328361558726915
-12.435384694154685
2.1641807793634573
24.907122266092443
-4.329357818520512
-12.453561133046222
2.164678909260256
24.943459684794128
-4.330351387907045
-12.471729842397064
2.1651756939535227
24.979781687836933
-4.331342277742621
-12.489890843918467
2.1656711388713106
25.01608831844362
-4.332330498820499
-12.50804415922181
2.1661652494102497
25.0523796196385
-4.3333160618715665
-12.52618980981925
2.1666580309357832
25.0886556342487
-4.3342989775648135
-12.54432781712435
2.1671494887824068
25.124916404905424
-4.3352792565078015
-12.562458202452712
2.1676396282539008
25.161161974045207
-4.336256909247126
-12.580580987022604
2.168128454623563
25.197392383911158
-4.3372319462688775
-12.598696191955579
2.1686159731344388
25.233607676554193
-4.338204377999093
-12.616803838277097
2.1691021889995463
25.269807893834255
-4.33917421480421
-12.634903946917127
2.169587107402105
25.305993077421512
-4.340141466991513
-12.652996538710756
2.1700707334957565
25.342163268797595
-4.341106144809575
-12.671081634398798
2.1705530724047875
25.37831850925675
-4.3420682584486965
-12.689159254628375
2.1710341292243482
25.414458839907045
-4.343027818041339
-12.707229419953523
2.1715139090206694
25.450584301671533
-4.343984833662557
-12.725292150835767
2.1719924168312783
25.486694935289425
-4.344939315330421
-12.743347467644712
2.1724696576652107
25.52279078131722
-4.345891273006448
-12.76139539065861
2.172945636503224
25.558871880129885
-4.346840716596006
-12.779435940064943
2.173420358298003
25.594938271921954
-4.3477876559487445
-12.797469135960977
2.1738938279743723
25.630989996708692
-4.348732100858994
-12.815494998354346
2.174366050429497
25.667027094327175
-4.349674061066179
-12.833513547163587
2.1748370305330895
25.703049604437425
-4.350613546255218
-12.851524802218712
2.175306773127609
25.73905756652349
-4.351550566056925
-12.869528783261744
2.1757752830284627
25.775051019894555
-4.352485130048409
-12.887525509947277
2.1762425650242045
25.811030003686007
-4.353417247753458
-12.905515001843003
2.176708623876729
25.846994556860523
-4.354346928642936
-12.923497278430261
2.177173464321468
25.882944718209107
-4.355274182135167
-12.941472359104553
2.1776370910675835
25.918880526352186
-4.356199017596311
-12.959440263176093
2.1780995087981556
25.95480201974063
-4.357121444340752
-12.977401009870315
2.178560722170376
25.990709236656798
-4.358041471631465
-12.995354618328399
2.1790207358157323
26.02660221521557
-4.3589591086803905
-13.013301107607784
2.1794795543401952
26.062480993365376
-4.359874364648808
-13.031240496682688
2.179937182324404
26.098345608889208
-4.360787248647691
-13.049172804444604
2.1803936243238455
26.134196099405614
-4.361697769738079
-13.067098049702807
2.1808488848690395
26.170032502369722
-4.362605936931429
-13.085016251184861
2.1813029684657144
26.205854855074215
-4.363511759189975
-13.102927427537107
2.1817558795949874
26.24166319465032
-4.364415245427077
-13.12083159732516
2.1822076227135385
26.277457558068793
-4.365316404507575
-13.138728779034397
2.1826582022537875
26.313237982140855
-4.36621524524813
-13.156618991070427
2.183107622624065
26.3490045035192
-4.367111776417569
-13.1745022517596
2.1835558882087844
26.384757158698918
-4.368006006737227
-13.192378579349459
2.1840030033686135
26.420495984018444
-4.368897944881281
-13.210247992009222
2.1844489724406406
26.456221015660503
-4.369787599477085
-13.228110507830252
2.1848937997385427
26.49193228965305
-4.370674979105504
-13.245966144826525
2.185337489552752
26.527629841870173
-4.371560092301236
-13.263814920935086
2.185780046150618
26.563313708033036
-4.372442947553142
-13.281656854016518
2.186221473776571
26.59898392371076
-4.373323553304569
-13.29949196185538
2.1866617766522847
26.63464052432136
-4.374201917953666
-13.31732026216068
2.187100958976833
26.670283545132612
-4.375078049853705
-13.335141772566306
2.1875390249268527
26.705913021262973
-4.375951957313391
-13.352956510631486
2.1879759786566955
26.74152898768243
-4.376823648597177
-13.370764493841214
2.1884118242985884
26.777131479213395
-4.377693131925571
-13.388565739606697
2.1888465659627854
26.812720530531582
-4.378560415475442
-13.406360265265791
2.189280207737721
26.848296176166855
-4.379425507380324
-13.424148088083427
2.189712753690162
26.883858450504093
-4.380288415730718
-13.441929225252046
2.190144207865359
26.919407387784034
-4.3811491485743845
-13.459703693892017
2.1905745742871923
26.954943022104132
-4.382007713916648
-13.477471511052066
2.191003856958324
26.99046538741937
-4.382864119720685
-13.495232693709685
2.1914320598603423
27.025974517543123
-4.383718373907811
-13.512987258771561
2.1918591869539057
27.06147044614795
-4.384570484357779
-13.530735223073975
2.1922852421788894
27.096953206766443
-4.385420458909052
-13.548476603383222
2.192710229454526
27.13242283279201
-4.386268305359099
-13.566211416396005
2.1931341526795496
27.167879357479713
-4.387114031464667
-13.583939678739856
2.1935570157323334
27.20332281394704
-4.387957644942063
-13.60166140697352
2.1939788224710317
27.238753235174713
-4.388799153467431
-13.619376617587356
2.1943995767337157
27.27417065400748
-4.389638564677021
-13.63708532700374
2.1948192823385106
27.30957510315489
-4.390475886167468
-13.654787551577446
2.195237943083734
27.34496661519208
-4.391311125496052
-13.67248330759604
2.195655562748026
27.38034522256053
-4.392144290180973
-13.690172611280264
2.1960721450904863
27.415710957568837
-4.392975387701611
-13.707855478784419
2.1964876938508056
27.45106385239349
-4.393804425498792
-13.725531926196744
2.196902212749396
27.486403939079587
-4.394631410975043
-13.743201969539793
2.1973157054875214
27.521731249541634
-4.395456351494855
-13.760865624770817
2.1977281757474274
27.557045815564244
-4.396279254384935
-13.778522907782122
2.1981396271924676
27.5923476688029
-4.397100126934465
-13.79617383440145
2.1985500634672324
27.627636840784675
-4.397918976395347
-13.813818420392337
2.1989594881976733
27.66291336290896
-4.3987358099824565
-13.83145668145448
2.1993679049912283
27.6981772664482
-4.399550634873893
-13.8490886332241
2.1997753174369463
27.733428582548598
-4.400363458211216
-13.866714291274299
2.200181729105608
27.76866734223082
-4.401174287099699
-13.88433367111541
2.2005871435498494
27.803893576390724
-4.401983128608563
-13.901946788195362
2.2009915643042817
27.83910731580004
-4.402789989771222
-13.91955365790002
2.201394994885611
27.87430859110707
-4.403594877585514
-13.937154295553535
2.201797438792757
27.90949743283739
-4.4043977990139425
-13.954748716418695
2.2021988995069712
27.94467387139453
-4.405198760983907
-13.972336935697266
2.2025993804919537
27.979837937060644
-4.405997770387936
-13.989918968530322
2.202998885193968
28.014989659997205
-4.406794834083913
-14.007494829998603
2.2033974170419564
28.050129070245664
-4.40758995889531
-14.025064535122832
2.203794979447655
28.085256197728118
-4.4083831516114085
-14.042628098864059
2.2041915758057042
28.12037107224798
-4.40917441898753
-14.06018553612399
2.204587209493765
28.155473723490623
-4.409963767745251
-14.077736861745311
2.2049818838726254
28.19056418102405
-4.410751204572627
-14.095282090512026
2.2053756022863134
28.225642474299526
-4.411536736124413
-14.112821237149763
2.2057683680622064
28.26070863265223
-4.412320369022276
-14.130354316326114
2.206160184511138
28.29576268530188
-4.413102109855016
-14.14788134265094
2.206551054927508
28.330804661353397
-4.413881965178774
-14.165402330676699
2.206940982589387
28.365834589797494
-4.414659941517248
-14.182917294898747
2.207329970758624
28.40085249951135
-4.4154360453619
-14.200426249755674
2.20771802268095
28.43585841925917
-4.416210283172166
-14.217929209629585
2.208105141586083
28.470852377692868
-4.416982661375664
-14.235426188846434
2.208491330687832
28.505834403352626
-4.417753186368396
-14.252917201676313
2.208876593184198
28.54080452466753
-4.418521864514951
-14.270402262333764
2.2092609322574757
28.575762769956164
-4.419288702148714
-14.287881384978082
2.209644351074357
28.610709167427217
-4.420053705572059
-14.305354583713608
2.2100268527860294
28.645643745180067
-4.420816881056545
-14.322821872590033
2.2104084405282727
28.680566531205375
-4.4215782348431265
-14.340283265602688
2.2107891174215633
28.715477553385686
-4.422337773142332
-14.357738776692843
2.211168886571166
28.750376839495992
-4.423095502134472
-14.375188419747996
2.211547751067236
28.785264417204324
-4.423851427969822
-14.392632208602162
2.211925713984911
28.820140314072326
-4.42460555676882
-14.410070157036163
2.21230277838441
28.855004557555816
-4.42535789462225
-14.427502278777908
2.212678947311125
28.88985717500536
-4.426108447591434
-14.44492858750268
2.213054223795717
28.924698193666835
-4.426857221708419
-14.462349096833417
2.2134286108542094
28.959527640681998
-4.427604222976157
-14.479763820340999
2.2138021114880786
28.994345543089015
-4.428349457368696
-14.497172771544507
2.214174728684348
29.029151927823044
-4.429092930831352
-14.514575963911522
2.214546465415676
29.06394682171676
-4.429834649280902
-14.53197341085838
2.214917324640451
29.098730251500903
-4.4305746186057515
-14.549365125750452
2.2152873093028758
29.133502243804834
-4.431312844666121
-14.566751121902417
2.2156564223330606
29.168262825157058
-4.432049333294218
-14.584131412578529
2.216024666647109
29.203012021985742
-4.432784090294412
-14.601506010992871
2.216392045147206
29.237749860619278
-4.433517121443412
-14.618874930309639
2.216758560721706
29.27247636728679
-4.434248432490436
-14.636238183643394
2.217124216245218
29.307191568118654
-4.43497802915738
-14.653595784059327
2.21748901457869
29.34189548914702
-4.435705917138993
-14.67094774457351
2.2178529585694964
29.376588156306333
-4.436432102103042
-14.688294078153167
2.218216051051521
29.41126959543384
-4.43715658969048
-14.70563479771692
2.21857829484524
29.445939832270092
-4.437879385515612
-14.722969916135046
2.218939692757806
29.48059889245946
-4.438600495166258
-14.74029944622973
2.219300247583129
29.515246801550635
-4.439319924203921
-14.757623400775318
2.2196599621019604
29.549883584997108
-4.440037678163941
-14.774941792498554
2.2200188390819706
29.584509268157696
-4.4407537625556674
-14.792254634078848
2.2203768812778337
29.619123876297014
-4.4414681828626055
-14.809561938148507
2.2207340914313027
29.65372743458596
-4.442180944542585
-14.82686371729298
2.2210904722712925
29.688319968102206
-4.442892053027913
-14.844159984051103
2.2214460265139566
29.722901501830684
-4.4436015137255325
-14.861450750915342
2.2218007568627662
29.757472060664064
-4.4443093320171725
-14.878736030332032
2.2221546660085862
29.79203166940322
-4.445015513259506
-14.89601583470161
2.222507756629753
29.826580352757702
-4.445720062784302
-14.913290176378851
2.222860031392151
29.86111813534622
-4.446422985898575
-14.93055906767311
2.2232114929492877
29.895645041697108
-4.447124287884737
-14.947822520848554
2.2235621439423685
29.93016109624876
-4.447823974000746
-14.96508054812438
2.223911987000373
29.96466632335013
-4.448522049480253
-14.982333161675065
2.2242610247401267
29.99916074726115
-4.449218519532751
-14.999580373630575
2.2246092597663756
30.033644392153224
-4.44991338934372
-15.016822196076612
2.22495669467186
30.06811728210964
-4.450606664074769
-15.03405864105482
2.2253033320373845
30.10257944112604
-4.4512983488637845
-15.05128972056302
2.2256491744318923
30.137030893110865
-4.451988448825069
-15.068515446555432
2.2259942244125344
30.17147166188579
-4.4526769690494845
-15.085735830942895
2.2263384845247423
30.205901771186156
-4.453363914604592
-15.102950885593078
2.226681957302296
30.240321244661438
-4.454049290534791
-15.120160622330719
2.2270246452673956
30.274730105875637
-4.454733101861461
-15.137365052937819
2.2273665509307303
30.30912837830774
-4.455415353583091
-15.15456418915387
2.2277076767915456
30.343516085352135
-4.456096050675425
-15.171758042676068
2.2280480253377126
30.377893250319037
-4.456775198091592
-15.188946625159518
2.228387599045796
30.41225989643492
-4.4574528007622405
-15.20612994821746
2.2287264003811202
30.446616046842927
-4.4581288635956735
-15.223308023421463
2.2290644317978368
30.480961724603283
-4.4588033914779786
-15.240480862301641
2.2294016957389893
30.515296952693724
-4.459476389273164
-15.257648476346862
2.229738194636582
30.549621754009898
-4.460147861823285
-15.274810877004949
2.2300739309116424
30.58393615136578
-4.460817813948571
-15.29196807568289
2.2304089069742856
30.618240167494065
-4.461486250447562
-15.309120083747032
2.230743125223781
30.65253382504659
-4.462153176097228
-15.326266912523295
2.231076588048614
30.686817146594723
-4.4628185956531015
-15.343408573297362
2.2314092978265507
30.72109015462977
-4.463482513849399
-15.360545077314885
2.2317412569246997
30.755352871563368
-4.464144935399149
-15.377676435781684
2.2320724676995747
30.789605319727873
-4.464805864994315
-15.394802659863936
2.2324029324971577
30.823847521376752
-4.465465307305918
-15.411923760688376
2.232732653652959
30.85807949868498
-4.466123266984156
-15.42903974934249
2.233061633492078
30.892301273749425
-4.466779748658533
-15.446150636874712
2.2333898743292666
30.926512868589217
-4.46743475693797
-15.463256434294609
2.233717378468985
30.960714305146155
-4.468088296410932
-15.480357152573077
2.234044148205466
30.99490560528506
-4.468740371645542
-15.49745280264253
2.234370185822771
31.029086790794167
-4.469390987189701
-15.514543395397084
2.2346954935948506
31.063257883385493
-4.470040147571204
-15.531628941692746
2.235020073785602
31.09741890469521
-4.4706878572978574
-15.548709452347605
2.2353439286489287
31.13156987628402
-4.471334120857592
-15.56578493814201
2.235667060428796
31.165710819637503
-4.47197894271858
-15.582855409818752
2.23598947135929
31.199841756166524
-4.472622327329346
-15.599920878083262
2.236311163664673
31.233962707207542
-4.473264279118883
-15.616981353603771
2.2366321395594415
31.268073694023006
-4.473904802496763
-15.634036847011503
2.2369524012483817
31.3021747378017
-4.474543901853246
-15.65108736890085
2.237271950926623
31.33626585965911
-4.475181581559394
-15.668132929829556
2.237590790779697
31.37034708063776
-4.475817845967178
-15.68517354031888
2.237908922983589
31.404418421707575
-4.47645269940959
-15.702209210853788
2.238226349704795
31.43847990376623
-4.4770861462007465
-15.719239951883115
2.2385430731003733
31.472531547639505
-4.477718190636001
-15.736265773819753
2.2388590953180003
31.5065733740816
-4.478348836992047
-15.7532866870408
2.2391744184960234
31.54060540377552
-4.478978089527025
-15.77030270188776
2.2394890447635123
31.574627657333373
-4.479605952480627
-15.787313828666687
2.2398029762403135
31.608640155296747
-4.480232430074204
-15.804320077648374
2.240116215037102
31.642642918137028
-4.480857526510864
-15.821321459068514
2.240428763255432
31.67663596625572
-4.48148124597558
-15.83831798312786
2.24074062298779
31.710619319984815
-4.482103592635289
-15.855309659992407
2.2410517963176444
31.744592999587084
-4.482724570638997
-15.872296499793542
2.2413622853194983
31.778557025256426
-4.483344184117874
-15.889278512628213
2.241672092058937
31.812511417118206
-4.483962437185362
-15.906255708559103
2.241981218592681
31.84645619522955
-4.4845793339372655
-15.923228097614775
2.2422896669686327
31.880391379579684
-4.48519487845186
-15.940195689789842
2.24259743922593
31.91431699009026
-4.485809074789978
-15.95715849504513
2.242904537394989
31.94823304661566
-4.486421926995121
-15.97411652330783
2.2432109634975603
31.982139568943325
-4.487033439093541
-15.991069784471662
2.2435167195467707
32.016036576794065
-4.487643615094349
-16.008018288397032
2.2438218075471745
32.04992408982236
-4.488252458989601
-16.02496204491118
2.2441262294948006
32.08380212761671
-4.488859974754401
-16.041901063808353
2.2444299873772007
32.11767070969988
-4.489466166346988
-16.05883535484994
2.244733083173494
32.151529855529276
-4.490071037708832
-16.075764927764638
2.245035518854416
32.1853795844972
-4.490674592764728
-16.0926897922486
2.245337296382364
32.21921991593118
-4.491276835422887
-16.10960995796559
2.2456384177114437
32.25305086909424
-4.491877769575029
-16.12652543454712
2.2459388847875146
32.28687246318526
-4.49247739909647
-16.14343623159263
2.246238699548235
32.32068471733922
-4.493075727846215
-16.16034235866961
2.2465378639231073
32.354487650627505
-4.493672759667048
-16.177243825313752
2.246836379833524
32.38828128205822
-4.49426849838562
-16.19414064102911
2.24713424919281
32.42206563057647
-4.494862947812539
-16.211032815288235
2.2474314739062695
32.455840715064646
-4.495456111742454
-16.227920357532323
2.247728055871227
32.48960655434272
-4.496047993954147
-16.24480327717136
2.2480239969770737
32.52336316716854
-4.496638598210617
-16.26168158358427
2.2483192991053085
32.5571105722381
-4.497227928259164
-16.27855528611905
2.248613964129582
32.59084878818585
-4.497815987831482
-16.295424394092926
2.248907993915741
32.62457783358494
-4.4984027806437314
-16.31228891679247
2.2492013903218657
32.658297726947524
-4.498988310396639
-16.329148863473762
2.2494941551983194
32.69200848672506
-4.499572580775567
-16.34600424336253
2.2497862903877834
32.72571013130854
-4.500155595450605
-16.36285506565427
2.2500777977253024
32.75940267902881
-4.50073735807665
-16.379701339514405
2.250368679038325
32.79308614815681
-4.501317872293491
-16.396543074078405
2.2506589361467455
32.82676055690388
-4.501897141725884
-16.41338027845194
2.250948570862942
32.860425923421985
-4.502475169983639
-16.430212961710993
2.2512375849918196
32.89408226580405
-4.5030519606617005
-16.447041132902026
2.2515259803308503
32.92772960208416
-4.503627517340225
-16.46386480104208
2.2518137586701124
32.96136795023788
-4.504201843584658
-16.48068397511894
2.252100921792329
32.99499732818247
-4.504774942945819
-16.497498664091236
2.2523874714729093
33.028617753777205
-4.505346818959976
-16.514308876888602
2.252673409479988
33.062229244823584
-4.505917475148922
-16.531114622411792
2.252958737574461
33.09583181906564
-4.506486915020058
-16.54791590953282
2.253243457510029
33.12942549419013
-4.507055142066463
-16.564712747095065
2.2535275710332314
33.16301028782688
-4.5076221597669734
-16.58150514391344
2.2538110798834867
33.19658621754897
-4.508187971586261
-16.598293108774484
2.2540939857931304
33.23015330087301
-4.508752580974903
-16.615076650436507
2.2543762904874516
33.26371155525943
-4.509315991369463
-16.631855777629713
2.2546579956847315
33.29726099811265
-4.509878206192559
-16.648630499056324
2.2549391030962793
33.33080164678141
-4.510439228852942
-16.665400823390705
2.255219614426471
33.36433351855898
-4.510999062745567
-16.68216675927949
2.2554995313727835
33.39785663068341
-4.511557711251667
-16.698928315341703
2.2557788556258336
33.431371000337776
-4.512115177738823
-16.715685500168888
2.2560575888694117
33.46487664465044
-4.5126714655610405
-16.73243832232522
2.2563357327805202
33.49837358069527
-4.513226578058815
-16.749186790347636
2.2566132890294077
33.531861825491895
-4.5137805185592095
-16.765930912745947
2.2568902592796047
33.565341396005934
-4.514333290375919
-16.782670698002967
2.2571666451879593
33.59881230914927
-4.514884896809343
-16.799406154574633
2.2574424484046713
33.63227458178021
-4.515435341146656
-16.816137290890104
2.257717670573328
33.66572823070382
-4.5159846266618775
-16.83286411535191
2.2579923133309387
33.6991732726721
-4.516532756615935
-16.84958663633605
2.2582663783079675
33.7326097243842
-4.51707973425674
-16.8663048621921
2.25853986712837
33.766037602486705
-4.5176255628192505
-16.883018801243352
2.2588127814096253
33.79945692357385
-4.51817024552554
-16.899728461786925
2.25908512276277
33.83286770418772
-4.518713785584865
-16.91643385209386
2.2593568927924323
33.8662699608185
-4.519256186193728
-16.93313498040925
2.259628093096864
33.89966370990471
-4.519797450535952
-16.949831854952354
2.259898725267976
33.933048967833415
-4.520337581782735
-16.966524483916707
2.2601687908913677
33.96642575094047
-4.520876583092725
-16.983212875470237
2.2604382915463623
33.99979407551071
-4.521414457612077
-16.999897037755353
2.2607072288060386
34.03315395777819
-4.521951208474524
-17.016576978889095
2.260975604237262
34.06650541392642
-4.522486838801438
-17.03325270696321
2.261243419400719
34.099848460088566
-4.5230213517018925
-17.049924230044283
2.2615106758509462
34.133183112347666
-4.523554750272726
-17.066591556173833
2.261777375136363
34.166509386736855
-4.524087037598607
-17.083254693368428
2.2620435187993033
34.19982729923959
-4.524618216752096
-17.099913649619793
2.262309108376048
34.23313686578984
-4.5251482907937035
-17.11656843289492
2.2625741453968518
34.26643810227232
-4.525677262771957
-17.13321905113616
2.2628386313859785
34.2997310245227
-4.526205135723459
-17.14986551226135
2.2631025678617296
34.3330156483278
-4.5267319126729495
-17.1665078241639
2.2633659563364747
34.366291989425825
-4.527257596633365
-17.183145994712913
2.2636287983166823
34.399560063506556
-4.5277821906058975
-17.199780031753278
2.2638910953029487
34.432819886211554
-4.528305697580058
-17.216409943105777
2.264152848790029
34.46607147313439
-4.528828120533733
-17.233035736567196
2.2644140602668665
34.499314839820826
-4.5293494624332435
-17.249657419910413
2.2646747312166218
34.53255000176903
-4.529869726233405
-17.266275000884516
2.2649348631167023
34.565776974429774
-4.530388914877583
-17.282888487214887
2.2651944574387914
34.59899577320664
-4.530907031297755
-17.29949788660332
2.2654535156488773
34.632206413456224
-4.531424078414563
-17.316103206728112
2.2657120392072816
34.665408910488324
-4.5319400591373755
-17.332704455244162
2.2659700295686878
34.69860327956614
-4.532454976364341
-17.34930163978307
2.2662274881821705
34.731789535906515
-4.532968832982445
-17.365894767953257
2.2664844164912226
34.76496769468004
-4.533481631867566
-17.38248384734002
2.266740815933783
34.79813777101133
-4.533993375884535
-17.399068885505667
2.2669966879422674
34.831299779979204
-4.53450406788718
-17.415649889989602
2.26725203394359
34.86445373661685
-4.535013710718398
-17.432226868308426
2.267506855359199
34.89759965591203
-4.535522307210193
-17.448799827956016
2.2677611536050963
34.93073755280728
-4.536029860183739
-17.46536877640364
2.2680149300918697
34.96386744220009
-4.5365363724494365
-17.481933721100045
2.2682681862247183
34.99698933894311
-4.5370418468069555
-17.498494669471555
2.2685209234034778
35.0301032578443
-4.537546286045301
-17.51505162892215
2.2687731430226505
35.06320921366718
-4.538049692942858
-17.53160460683359
2.269024846471429
35.09630722113094
-4.538552070267446
-17.54815361056547
2.269276035133723
35.12939729491069
-4.5390534207763755
-17.564698647455344
2.2695267103881878
35.162479449637594
-4.539553747216492
-17.581239724818797
2.269776873608246
35.19555369989911
-4.540053052324236
-17.597776849949554
2.270026526162118
35.2286200602391
-4.540551338825688
-17.61431003011955
2.270275669412844
35.26167854515809
-4.541048609436625
-17.630839272579045
2.2705243047183123
35.294729169113374
-4.541544866862566
-17.647364584556687
2.270772433431283
35.32777194651925
-4.542040113798826
-17.663885973259625
2.271020056899413
35.360806891747174
-4.542534352930568
-17.680403445873587
2.271267176465284
35.39383401912593
-4.543027586932845
-17.696917009562966
2.2715137934664225
35.42685334294184
-4.543519818470657
-17.71342667147092
2.2717599092353287
35.45986487743889
-4.544011050199
-17.729932438719445
2.2720055250995
35.492868636818955
-4.54450128476291
-17.746434318409477
2.272250642381455
35.52586463524194
-4.544990524797514
-17.76293231762097
2.272495262398757
35.558852886825946
-4.5454787729280826
-17.779426443412973
2.2727393864640413
35.59183340564748
-4.545966031770071
-17.79591670282374
2.2729830158850355
35.62480620574158
-4.54645230392917
-17.81240310287079
2.273226151964585
35.65777130110204
-4.546937592001358
-17.82888565055102
2.273468796000679
35.69072870568151
-4.547421898572938
-17.845364352840754
2.273710949286469
35.723678433391726
-4.547905226220594
-17.861839216695863
2.273952613110297
35.75662049810365
-4.548387577511434
-17.878310249051825
2.274193788755717
35.78955491364763
-4.548868955003035
-17.894777456823814
2.2744344775015173
35.82248169381357
-4.54934936124349
-17.911240846906786
2.274674680621745
35.85540085235111
-4.549828798771457
-17.927700426175555
2.2749143993857284
35.88831240296978
-4.550307270116199
-17.94415620148489
2.2751536350580994
35.921216359339155
-4.5507847777976345
-17.960608179669578
2.2753923888988172
35.95411273508901
-4.5512613243263775
-17.977056367544506
2.2756306621631888
35.987001543809534
-4.551736912203788
-17.993500771904767
2.275868456101894
36.01988279905141
-4.552211543922011
-18.009941399525704
2.2761057719610056
36.052756514326035
-4.552685221964024
-18.026378257163017
2.276342610982012
36.085622703105656
-4.55315794880368
-18.042811351552828
2.27657897440184
36.11848137882353
-4.55362972690575
-18.059240689411766
2.276814863452875
36.151332554874095
-4.554100558725969
-18.075666277437048
2.2770502793629843
36.1841762446131
-4.554570446711076
-18.09208812230655
2.277285223355538
36.21701246135777
-4.555039393298862
-18.108506230678884
2.277519696649431
36.249841218386976
-4.555507400918206
-18.124920609193488
2.277753700459103
36.28266252894137
-4.5559744719891215
-18.141331264470686
2.2779872359945608
36.31547640622357
-4.556440608922799
-18.157738203111784
2.2782203044613993
36.34828286339824
-4.556905814121646
-18.17414143169912
2.278452907060823
36.38108191359233
-4.5573700899793295
-18.190540956796166
2.2786850449896647
36.41387356989519
-4.5578334388808175
-18.206936784947594
2.2789167194404087
36.44665784535867
-4.55829586320242
-18.223328922679336
2.27914793160121
36.47943475299736
-4.55875736531183
-18.23971737649868
2.279378682655915
36.5122043057887
-4.559217947568163
-18.25610215289435
2.2796089737840814
36.54496651667307
-4.559677612322002
-18.272483258336536
2.279838806161001
36.57772139855403
-4.560136361915429
-18.288860699277016
2.2800681809577146
36.610468964298434
-4.560594198682077
-18.305234482149217
2.2802970993410385
36.643209226736516
-4.561051124947157
-18.321604613368258
2.2805255624735783
36.67594219866214
-4.561507143027507
-18.33797109933107
2.2807535715137535
36.70866789283285
-4.561962255231627
-18.354333946416425
2.2809811276158136
36.741386321970076
-4.56241646385972
-18.370693160985038
2.28120823192986
36.77409749875923
-4.562869771203729
-18.387048749379616
2.2814348856018647
36.8068014358499
-4.5633221795473755
-18.40340071792495
2.2816610897736878
36.83949814585593
-4.563773691166201
-18.419749072927964
2.2818868455831005
36.87218764135561
-4.564224308327602
-18.436093820677804
2.282112154163801
36.9048699348918
-4.564674033290868
-18.4524349674459
2.282337016645434
36.93754503897205
-4.565122868307221
-18.468772519486023
2.2825614341536107
36.970212966068765
-4.565570815619854
-18.485106483034382
2.282785407809927
37.002873728619335
-4.566017877463963
-18.501436864309667
2.2830089387319816
37.03552733902626
-4.56646405606679
-18.51776366951313
2.283232028033395
37.06817380965731
-4.566909353647659
-18.534086904828655
2.2834546768238293
37.10081315284562
-4.567353772418006
-18.55040657642281
2.283676886209003
37.133445380889874
-4.567797314581426
-18.566722690444937
2.283898657290713
37.1660705060544
-4.568239982333701
-18.5830352530272
2.2841199911668504
37.198688540569336
-4.568681777862841
-18.599344270284668
2.2843408889314203
37.231299496630726
-4.569122703349113
-18.615649748315363
2.2845613516745567
37.263903386400685
-4.569562760965089
-18.631951693200342
2.2847813804825443
37.2965002220075
-4.570001952875666
-18.64825011100375
2.285000976437833
37.32909001554581
-4.570440281238115
-18.664545007772904
2.2852201406190575
37.36167277907667
-4.570877748202108
-18.680836389538335
2.285438874101054
37.39424852462774
-4.5713143559097515
-18.69712426231387
2.2856571779548758
37.426817264193375
-4.57175010649563
-18.713408632096687
2.285875053247815
37.45937900973476
-4.572185002086832
-18.72968950486738
2.286092501043416
37.491933773180065
-4.5726190448029875
-18.745966886590033
2.2863095224014938
37.52448156642454
-4.573052236756302
-18.76224078321227
2.286526118378151
37.55702240133064
-4.57348458005159
-18.77851120066532
2.286742290025795
37.5895562897282
-4.573916076786309
-18.7947781448641
2.2869580383931547
37.62208324341448
-4.574346729050592
-18.81104162170724
2.287173364525296
37.65460327415436
-4.574776538927281
-18.82730163707718
2.2873882694636407
37.687116393680434
-4.5752055084919645
-18.843558196840217
2.2876027542459823
37.719622613693126
-4.575633639813001
-18.859811306846563
2.2878168199065003
37.75212194586083
-4.5760609349515615
-18.876060972930414
2.2880304674757808
37.78461440182002
-4.576487395961655
-18.89230720091001
2.2882436979808274
37.8170999931754
-4.576913024890165
-18.9085499965877
2.2884565124450824
37.84957873149995
-4.5773378237768805
-18.924789365749977
2.2886689118884402
37.88205062833516
-4.577761794654528
-18.94102531416758
2.288880897327264
37.914515695191035
-4.578184939548803
-18.957257847595518
2.2890924697744013
37.9469739435463
-4.5786072604784
-18.97348697177315
2.2893036302392
37.979425384848454
-4.579028759455048
-18.989712692424227
2.289514379727524
38.01187003051396
-4.57944943848354
-19.00593501525698
2.28972471924177
38.04430789192829
-4.579869299561762
-19.022153945964146
2.289934649780881
38.07673898044608
-4.580288344680725
-19.03836949022304
2.2901441723403626
38.109163307391235
-4.5807065758246
-19.054581653695617
2.2903532879123
38.14158088405706
-4.581123994970742
-19.07079044202853
2.290561997485371
38.17399172170637
-4.581540604089724
-19.086995860853186
2.290770302044862
38.20639583157157
-4.581956405145368
-19.103197915785785
2.290978202572684
38.238793224854824
-4.582371400094772
-19.119396612427412
2.291185700047386
38.271183912728134
-4.582785590888343
-19.135591956364067
2.2913927954441715
38.303567906333456
-4.5831989794698265
-19.151783953166728
2.2915994897349132
38.33594521678282
-4.583611567776334
-19.16797260839141
2.291805783888167
38.36831585515845
-4.584023357738372
-19.184157927579225
2.292011678869186
38.40067983251285
-4.584434351279877
-19.200339916256425
2.2922171756399385
38.433037159868945
-4.584844550318238
-19.216518579934473
2.292422275159119
38.46538784822015
-4.585253956764326
-19.232693924110077
2.292626978382163
38.49773190853054
-4.585662572522532
-19.24886595426527
2.292831286261266
38.53006935173489
-4.586070399490779
-19.265034675867444
2.2930351997453897
38.562400188738835
-4.586477439560568
-19.281200094369417
2.293238719780284
38.59472443041897
-4.5868836946169935
-19.297362215209485
2.2934418473084968
38.62704208762294
-4.5872891665387785
-19.31352104381147
2.2936445832693892
38.65935317116954
-4.587693857198301
-19.32967658558477
2.2938469285991503
38.69165769184887
-4.588097768461619
-19.345828845924434
2.2940488842308095
38.723955660422384
-4.588500902188503
-19.361977830211192
2.2942504510942516
38.75624708762303
-4.588903260232462
-19.378123543811515
2.294451630116231
38.78853198415535
-4.589304844440768
-19.394265992077674
2.294652422220384
38.82081036069557
-4.589705656654486
-19.410405180347784
2.294852828327243
38.85308222789172
-4.5901056987085
-19.42654111394586
2.29505284935425
38.88534759636373
-4.5905049724315425
-19.442673798181865
2.2952524862157713
38.91760647670353
-4.590903479646219
-19.458803238351766
2.2954517398231093
38.94985887947518
-4.591301222169033
-19.47492943973759
2.2956506110845165
38.982104815214925
-4.591698201810418
-19.491052407607462
2.295849100905209
39.014344294431325
-4.592094420374757
-19.507172147215663
2.2960472101873783
39.04657732760536
-4.592489879660415
-19.52328866380268
2.2962449398302076
39.07880392519053
-4.592884581459762
-19.539401962595264
2.296442290729881
39.111024097612926
-4.593278527559199
-19.555512048806463
2.2966392637795994
39.14323785527138
-4.593671719739184
-19.57161892763569
2.296835859869592
39.17544520853751
-4.594064159774259
-19.587722604268755
2.2970320798871295
39.207646167755875
-4.594455849433073
-19.603823083877938
2.2972279247165366
39.239840743244024
-4.594846790478412
-19.619920371622012
2.297423395239206
39.27202894529262
-4.595236984667219
-19.63601447264631
2.2976184923336094
39.30421078416552
-4.595626433750622
-19.65210539208276
2.297813216875311
39.3363862700999
-4.596015139473959
-19.66819313504995
2.2980075697369795
39.36855541330633
-4.596403103576801
-19.684277706653166
2.2982015517884005
39.40071822396888
-4.596790327792981
-19.70035911198444
2.2983951638964903
39.432874712245194
-4.597176813850612
-19.716437356122597
2.298588406925306
39.46502488826662
-4.59756256347212
-19.73251244413331
2.29878128173606
39.49716876213828
-4.597947578374259
-19.74858438106914
2.2989737891871296
39.529306343939176
-4.598331860268145
-19.764653171969588
2.2991659301340723
39.56143764372227
-4.59871541085927
-19.780718821861136
2.299357705429635
39.593562671514604
-4.599098231847535
-19.796781335757302
2.2995491159237673
39.62568143731735
-4.599480324927267
-19.812840718658673
2.2997401624636336
39.657793951105944
-4.5998616917872495
-19.828896975552972
2.2999308458936247
39.689900222830175
-4.600242334110739
-19.844950111415088
2.3001211670553694
39.722000262414234
-4.600622253575492
-19.861000131207117
2.300311126787746
39.75409407975687
-4.60100145185379
-19.877047039878434
2.300500725926895
39.78618168473141
-4.60137993061246
-19.893090842365705
2.30068996530623
39.818263087185926
-4.601757691512899
-19.909131543592963
2.3008788457564493
39.85033829694325
-4.602134736211095
-19.925169148471625
2.3010673681055476
39.88240732380113
-4.602511066357653
-19.941203661900566
2.3012555331788267
39.914470177532266
-4.602886683597816
-19.957235088766133
2.301443341798908
39.94652686788442
-4.6032615895714875
-19.97326343394221
2.3016307947857437
39.978577404580534
-4.603635785913254
-19.989288702290267
2.301817892956627
40.01062179731875
-4.604009274252409
-20.005310898659374
2.3020046371262044
40.04266005577257
-4.604382056212973
-20.021330027886286
2.3021910281064866
40.074692189590905
-4.604754133413717
-20.037346094795453
2.3023770667068586
40.10671820839815
-4.605125507468186
-20.053359104199075
2.302562753734093
40.1387381217943
-4.605496179984715
-20.06936906089715
2.3027480899923574
40.17075193935503
-4.605866152566459
-20.085375969677514
2.3029330762832294
40.202759670631764
-4.606235426811409
-20.101379835315882
2.3031177134057046
40.23476132515178
-4.606604004312416
-20.11738066257589
2.303302002156208
40.26675691241829
-4.606971886657213
-20.133378456209144
2.3034859433286066
40.2987464419105
-4.607339075428434
-20.14937322095525
2.303669537714217
40.33072992308374
-4.607705572203635
-20.16536496154187
2.3038527861018174
40.3627073653695
-4.60807137855532
-20.18135368268475
2.30403568927766
40.39467877817556
-4.608436496050957
-20.19733938908778
2.3042182480254785
40.426644170886036
-4.608800926253
-20.213322085443018
2.3044004631265
40.45860355286146
-4.609164670718913
-20.22930177643073
2.3045823353594566
40.49055693343892
-4.609527731001187
-20.24527846671946
2.3047638655005933
40.522504321932054
-4.60989010864736
-20.261252160966027
2.30494505432368
40.55444572763121
-4.610251805200042
-20.277222863815606
2.305125902600021
40.58638115980348
-4.6106128221969325
-20.29319057990174
2.3053064110984662
40.61831062769281
-4.610973161170841
-20.309155313846404
2.3054865805854203
40.650234140520034
-4.611332823649707
-20.325117070260017
2.3056664118248533
40.68215170748302
-4.6116918111566205
-20.34107585374151
2.3058459055783103
40.71406333775671
-4.6120501252098425
-20.357031668878356
2.3060250626049212
40.74596904049319
-4.612407767322825
-20.372984520246597
2.3062038836614125
