-0.6555138046900538
-0.1587967840544864
0.3277569023450269
0.0793983920272432
-0.6231521892626152
-0.3125154490791644
0.3115760946313076
0.1562577245395822
-0.5724681713298048
-0.45715056180208063
0.2862340856649024
0.22857528090104032
-0.5072193285429797
-0.5902861994623175
0.25360966427148984
0.29514309973115876
-0.43116377637166386
-0.7109874373360963
0.21558188818583193
0.35549371866804813
-0.34754998289020694
-0.8193702245898838
0.17377499144510347
0.4096851122949419
-0.2589528868168121
-0.9161524389232124
0.12947644340840606
0.4580762194616062
-0.1673113822696537
-1.0023224151429715
0.08365569113482685
0.5011612075714857
-0.07404244415365677
-1.0789367796969622
0.03702122207682838
0.5394683898484811
0.019836105071779242
-1.1470135960329277
-0.009918052535889621
0.5735067980164639
0.11360077629758053
-1.207484254382981
-0.056800388148790265
0.6037421271914905
0.20674122424730648
-1.2611778043600141
-0.10337061212365324
0.6305889021800071
0.2989002494086014
-1.308821638779461
-0.1494501247043007
0.6544108193897304
0.38983045790402593
-1.351049525261216
-0.19491522895201296
0.675524762630608
0.4793632584730052
-1.388412257074238
-0.2396816292365026
0.694206128537119
0.5673867393546914
-1.4213885900833394
-0.2836933696773457
0.7106942950416697
0.6538298554193902
-1.4503954130429313
-0.3269149277096951
0.7251977065214656
0.7386510811184452
-1.4757967561966998
-0.3693255405592226
0.7378983780983499
0.8218302266811954
-1.4979115655150432
-0.4109151133405977
0.7489557827575216
0.9033625033094853
-1.5170203165240255
-0.45168125165474265
0.7585101582620127
0.9832541959357288
-1.5333705987237425
-0.4916270979678644
0.7666852993618712
1.061519492176374
-1.5471818147046554
-0.530759746088187
0.7735909073523277
1.1381781482810585
-1.5586491310060764
-0.5690890741405292
0.7793245655030382
1.2132537649680275
-1.5679468026224828
-0.6066268824840138
0.7839734013112414
1.2867725104779675
-1.5752309758101046
-0.6433862552389837
0.7876154879050523
1.358762173528817
-1.5806420572425548
-0.6793810867644084
0.7903210286212774
1.4292514609757998
-1.5843067227426215
-0.7146257304878999
0.7921533613713108
1.4982694778890313
-1.586339626101854
-0.7491347389445157
0.793169813050927
1.5658453442130034
-1.586844857835776
-0.7829226721065017
0.793422428917888
1.632007914070226
-1.5859171948977524
-0.816003957035113
0.7929585974488762
1.6967855724348402
-1.583643175127617
-0.8483927862174201
0.7918215875638085
1.7602060902523162
-1.5801020242845685
-0.8801030451261581
0.7900510121422842
1.8222965237657667
-1.575366458675766
-0.9111482618828833
0.787683229337883
1.8830831472859444
-1.5695033824433122
-0.9415415736429722
0.7847516912216561
1.9425914112370173
-1.5625744953466119
-0.9712957056185086
0.7812872476733059
2.00084591925771
-1.5546368242376638
-1.000422959628855
0.7773184121188319
2.0578704196064037
-1.5457431892624234
-1.0289352098032019
0.7728715946312117
2.1136878072320897
-1.5359426140419457
-1.0568439036160449
0.7679713070209728
2.1683201337204996
-1.5252806876200218
-1.0841600668602498
0.7626403438100109
2.221788622972352
-1.5137998847509844
-1.110894311486176
0.7568999423754922
2.274113690967399
-1.501539850095274
-1.1370568454836996
0.750769925047637
2.3253149683501726
-1.4885376510532862
-1.1626574841750863
0.7442688255266431
2.3754113248683115
-1.474828003269397
-1.1877056624341558
0.7374140016346985
2.4244208949225117
-1.4604434722531496
-1.2122104474612558
0.7302217361265748
2.4723611036640016
-1.445414654073359
-1.2361805518320008
0.7227073270366795
2.5192486932127474
-1.4297703376670698
-1.2596243466063737
0.7148851688335349
2.5650997486762517
-1.4135376509556346
-1.2825498743381258
0.7067688254778173
2.609929723731769
-1.3967421926638512
-1.3049648618658845
0.6983710963319256
2.653753465599195
-1.37940815148623
-1.3268767327995974
0.689704075743115
2.696585239281943
-1.361558414029782
-1.3482926196409715
0.680779207014891
2.738438750991915
-1.343214662779237
-1.3692193754959574
0.6716073313896185
2.7793271707046263
-1.3243974651733301
-1.3896635853523132
0.6621987325866651
2.819263153813641
-1.3051263547456826
-1.4096315769068204
0.6525631773728413
2.8582588618710885
-1.2854199051673783
-1.4291294309355442
0.6427099525836891
2.8963259824144623
-1.2652957979278
-1.4481629912072311
0.6326478989639
2.9334757478899123
-1.2447708843032546
-1.4667378739449561
0.6223854421516273
2.969718953689727
-1.2238612421873727
-1.4848594768448635
0.6119306210936863
3.0050659753270463
-1.2025822282915772
-1.5025329876635232
0.6012911141457886
3.0395267847746443
-1.1809485261666455
-1.5197633923873222
0.5904742630833227
3.0731109659971523
-1.1589741904463529
-1.5365554829985761
0.5794870952231764
3.10582772970763
-1.136672687670389
-1.552913864853815
0.5683363438351945
3.1376859273802244
-1.1140569340053148
-1.5688429636901122
0.5570284670026574
3.1686940645508574
-1.0911393301485495
-1.5843470322754287
0.5455696650742747
3.198860313437697
-1.06793179367064
-1.5994301567188485
0.53396589683532
3.2281925249126147
-1.0444457890248138
-1.6140962624563073
0.5222228945124069
3.2566982398540594
-1.020692355429622
-1.6283491199270297
0.510346177714811
3.2843846999108206
-0.9966821328099396
-1.6421923499554103
0.4983410664049698
3.311258857705077
-0.9724253859633643
-1.6556294288525386
0.4862126929816821
3.3373273865019777
-0.9479320271028693
-1.6686636932509888
0.47396601355143464
3.362596689371792
-0.9232116369121633
-1.681298344685896
0.4616058184560817
3.3870729078694453
-0.8982734842373643
-1.6935364539347226
0.44913674211868215
3.410761930255032
-0.8731265445271399
-1.705380965127516
0.43656327226356995
3.4336693992776812
-0.8477795171232186
-1.7168346996388406
0.4238897585616093
3.4558007195439484
-0.8222408414940106
-1.7279003597719742
0.4111204207470053
3.4771610644907707
-0.796518712495852
-1.7385805322453853
0.398259356247926
3.49775538298186
-0.7706210947390193
-1.74887769149093
0.38531054736950965
3.517588405545365
-0.7445557361290236
-1.7587942027726824
0.3722778680645118
3.5366646502695467
-0.7183301806477427
-1.7683323251347733
0.35916509032387134
3.5549884283722566
-0.6919517804335739
-1.7774942141861283
0.34597589021678693
3.572563849459012
-0.6654277072149543
-1.786281924729506
0.33271385360747713
3.589394826483578
-0.6387649631472312
-1.794697413241789
0.3193824815736156
3.60548508042408
-0.6119703910989208
-1.80274254021204
0.3059851955494604
3.6208381446868545
-0.5850506844298333
-1.8104190723434272
0.29252534221491666
3.635457369249452
-0.5580123963003213
-1.817728684624726
0.27900619815016064
3.649345924553455
-0.5308619485479962
-1.8246729622767275
0.2654309742739981
3.662506805157066
-0.5036056401656197
-1.831253402578533
0.25180282008280985
3.674942833156744
-0.4762496554114922
-1.837471416578372
0.2381248277057461
3.6866566613865164
-0.44880007158150037
-1.8433283306932582
0.22440003579075019
3.6976507764029756
-0.42126286647003197
-1.8488253882014878
0.21063143323501599
3.7079275012634083
-0.39364392554519756
-1.8539637506317042
0.19682196277259878
3.7174889981039105
-0.3659490488622013
-1.8587444990519553
0.18297452443110065
3.7263372705238345
-0.33818395773726145
-1.8631686352619172
0.16909197886863073
3.7344741657823985
-0.3103543012031786
-1.8672370828911993
0.1551771506015893
3.741901376812791
-0.2824656622664821
-1.8709506884063956
0.14123283113324106
3.7486204440586417
-0.25452356398503356
-1.8743102220293208
0.12726178199251678
3.754632757137281
-0.22653347538402752
-1.8773163785686404
0.11326673769201376
3.7599395563337623
-0.1985008172274953
-1.8799697781668812
0.09925040861374765
3.764541933929217
-0.17043096766167615
-1.8822709669646085
0.08521548383083807
3.7684408353666967
-0.1423292677459711
-1.8842204176833484
0.07116463387298555
3.7716370602572526
-0.11420102688662889
-1.8858185301286263
0.057100513443314446
3.774131263228643
-0.08605152818782791
-1.8870656316143215
0.043025764093913954
3.775923954618647
-0.057886033734407524
-1.8879619773093235
0.028943016867203762
3.77701550101463
-0.02970978982016579
-1.888507750507315
0.014854894910082895
3.777406125640609
-0.0015280321353721704
-1.8887030628203045
0.0007640160676860852
3.7770959085927416
0.026654009073055013
-1.8885479542963708
-0.013327004536527506
3.7760847869237715
0.05483110385539073
-1.8880423934618857
-0.027415551927695365
3.7743725545766407
0.08299801741371733
-1.8871862772883203
-0.041499008706858666
3.77195886216711
0.11114950494406695
-1.885979431083555
-0.05557475247203347
3.768843216614874
0.13928030645278738
-1.884421608307437
-0.06964015322639369
3.7650249806223153
0.1673851415337017
-1.8825124903111576
-0.08369257076685085
3.7605033719996737
0.1954587040924385
-1.8802516859998368
-0.09772935204621926
3.7552774628350414
0.22349565700405197
-1.8776387314175207
-0.11174782850202598
3.7493461785072424
0.25149062668972055
-1.8746730892536212
-0.12574531334486028
3.742708296539253
0.27943819759791305
-1.8713541482696265
-0.13971909879895653
3.7353624452894687
0.30733290657493245
-1.8676812226447344
-0.15366645328746623
3.727307102477691
0.3351692371091942
-1.8636535512388455
-0.1675846185545971
3.718540593542339
0.36294161343295395
-1.8592702967711694
-0.18147080671647697
3.7090610898249414
0.39064439446447047
-1.8545305449124707
-0.19532219723223523
3.698866606577554
0.41827186757276835
-1.849433303288777
-0.20913593378638418
3.687955000788279
0.4458182421462341
-1.8439775003941394
-0.22290912107311706
3.676323968819611
0.47327764294524743
-1.8381619844098056
-0.23663882147262372
3.663971043853844
0.5006441032178901
-1.831985521926922
-0.25032205160894505
3.650893593139257
0.5279115575564938
-1.8254467965696286
-0.2639557787782469
3.6370888150302747
0.5550738344713602
-1.8185444075151374
-0.2775369172356801
3.6225537358142454
0.5821246486564091
-1.8112768679071227
-0.29106232432820456
3.60728520631689
0.6090575929197635
-1.803642603158445
-0.30452879645988173
3.5912798982778633
0.6358661297503478
-1.7956399491389317
-0.3179330648751739
3.5745343004872407
0.6625435824894432
-1.7872671502436204
-0.3312717912447216
3.5570447146730517
0.6890831260737827
-1.7785223573365259
-0.3445415630368914
3.538807251129289
0.7154777773141661
-1.7694036255646446
-0.35773888865708303
3.519817824073066
0.7417203846706923
-1.759908912036533
-0.3708601923353462
3.50007214671882
0.7678036174825289
-1.75003607335941
-0.38390180874126445
3.4795657260566353
0.7937199546066115
-1.7397828630283176
-0.39685997730330574
3.4582938573208875
0.819461672415779
-1.7291469286604437
-0.4097308362078895
3.4362516181345164
0.8450208321025301
-1.7181258090672582
-0.42251041605126505
3.413433862313277
0.8703892662298102
-1.7067169311566386
-0.4351946331149051
3.389835213313326
0.8955585644649335
-1.694917606656663
-0.44777928223246677
3.3654500573044572
0.9205200584268594
-1.6827250286522286
-0.4602600292134297
3.340272535850243
0.9452648055704904
-1.6701362679251215
-0.4726324027852452
3.314296538175177
0.9697835720243863
-1.6571482690875885
-0.4848917860121931
3.2875156929978013
0.9940668142901643
-1.6437578464989007
-0.49703340714508215
3.2599233599075768
1.0181046597028107
-1.6299616799537884
-0.5090523298514054
3.231512620262067
1.0418868855410133
-1.6157563101310335
-0.5209434427705066
3.20227626757977
1.0654028966653166
-1.601138133789885
-0.5327014483326583
3.172206797402702
1.0886417015492351
-1.586103398701351
-0.5443208507746176
3.1412963966016574
1.1115918865542427
-1.5706481983008287
-0.5557959432771213
3.1095369320958643
1.1342415882835977
-1.5547684660479322
-0.5671207941417988
3.076919938957724
1.1565784638319887
-1.538459969478862
-0.5782892319159944
3.0434366078723007
1.178589658727734
-1.5217183039361504
-0.589294829363867
3.009077771920464
1.2002617723414062
-1.504538885960232
-0.6001308861707031
2.9738338926539964
1.221580820508882
-1.4869169463269982
-0.610790410254441
2.9376950454307353
1.242532195087513
-1.4688475227153677
-0.6212660975437565
2.9006509039779993
1.2631006201308455
-1.4503254519889996
-0.6315503100654227
2.8626907241532575
1.283270104329469
-1.4313453620766288
-0.6416350521647345
2.823803326872492
1.3030238893224515
-1.411901663436246
-0.6515119446612258
2.7839770801790817
1.322344393434565
-1.3919885400895409
-0.6611721967172824
2.74319988042967
1.3412131503381435
-1.371599940214835
-0.6706065751690717
2.7014591325786483
1.3596107420737775
-1.3507295662893242
-0.6798053710368888
2.6587417295500746
1.3775167257897512
-1.3293708647750373
-0.6887583628948756
2.615034030695546
1.3949095534745317
-1.307517015347773
-0.6974547767372659
2.570321839349524
1.4117664838577917
-1.285160919674762
-0.7058832419288958
2.5245903795107125
1.4280634855410201
-1.2622951897553563
-0.7140317427705101
2.4778242717004435
1.443775130286029
-1.2389121358502218
-0.7218875651430146
2.4300075080781225
1.4588744752351905
-1.2150037540390612
-0.7294372376175953
2.3811234269314308
1.4733329326570788
-1.1905617134657154
-0.7366664663285394
2.3311546867075705
1.4871201256004696
-1.1655773433537853
-0.7435600628002348
2.28008323981443
1.5002037275924947
-1.140041619907215
-0.7501018637962473
2.227890306501085
1.5125492842260808
-1.1139451532505424
-0.7562746421130404
2.1745563492306355
1.5241200141389204
-1.0872781746153177
-0.7620600070694602
2.1200610480917055
1.5348765864805767
-1.0600305240458527
-0.7674382932402883
2.0643832779666016
1.5447768714829788
-1.0321916389833008
-0.7723884357414894
2.0075010883956175
1.5537756601766257
-1.0037505441978087
-0.7768878300883129
1.9493916873631747
1.5618243486107404
-0.9746958436815873
-0.7809121743053702
1.8900314306022659
1.5688705811162968
-0.9450157153011329
-0.7844352905581484
1.8293958184953518
1.5748578461664309
-0.9146979092476759
-0.7874289230832154
1.7674595032775717
1.5797250172023114
-0.8837297516387859
-0.7898625086011557
1.7041963100691606
1.5834058293581983
-0.8520981550345803
-0.7917029146790991
1.639579276342036
1.5858282812802156
-0.819789638171018
-0.7929141406401078
1.5735807158472632
1.5869139491185416
-0.7867903579236316
-0.7934569745592708
1.5061723149138855
1.5865771971945155
-0.7530861574569427
-0.7932885985972578
1.43732527153812
1.5847242666940178
-0.71866263576906
-0.7923621333470089
1.3670104910403984
1.5812522198828995
-0.6835052455201992
-0.7906261099414498
1.2951988565898644
1.5760477126165393
-0.6475994282949322
-0.7880238563082697
1.221861599021768
1.5689855621286748
-0.610930799510884
-0.7844927810643374
1.1469707987240698
1.5599270700063017
-0.5734853993620349
-0.7799635350031509
1.0705000638290196
1.548718051632478
-0.5352500319145098
-0.774359025816239
0.9924254447781142
1.5351865129447528
-0.4962127223890571
-0.7675932564723764
0.9127266673563402
1.5191399028912145
-0.4563633336781701
-0.7595699514456072
0.8313887971530545
1.5003618553872988
-0.41569439857652724
-0.7501809276936494
0.7484044919433568
1.4786083181475185
-0.3742022459716784
-0.7393041590737592
0.6637770603025509
1.4536029484923765
-0.33188853015127545
-0.7268014742461882
0.5775246330539899
1.4250316406228
-0.28876231652699497
-0.7125158203114
0.4896858808089622
1.3925360403797282
-0.2448429404044811
-0.6962680201898641
0.4003278929847525
1.3557059133246177
-0.20016394649237626
-0.6778529566623088
0.30955709523370484
1.3140702820664207
-0.15477854761685242
-0.6570351410332104
0.21753445503447605
1.26708738143966
-0.10876722751723802
-0.63354369071983
0.12449674707339371
1.214133775459652
-0.062248373536696856
-0.607066887729826
0.030786353144363805
1.154493586578231
-0.015393176572181902
-0.5772467932891155
-0.06310705549649609
1.087349974334653
0.031553527748248045
-0.5436749871673265
-0.15648871895846325
1.0117832309437649
0.07824435947923163
-0.5058916154718824
-0.24838029119080995
0.9267838675471209
0.12419014559540498
-0.46339193377356047
-0.337417745979759
0.8312957804605624
0.1687088729898795
-0.4156478902302812
-0.4217299129699326
0.7243144819759492
0.2108649564849663
-0.3621572409879746
-0.49882083703138913
0.6050760354188236
0.24941041851569457
-0.3025380177094118
-0.5655179445470792
0.4733724694223622
0.2827589722735396
-0.2366862347111811
-0.6181043296468245
0.3299908031171754
0.30905216482341225
-0.1649954015585877
-0.6527830176675495
0.1771581948291709
0.32639150883377477
-0.08857909741458544
-0.6665141556151895
0.01870694286840226
0.3332570778075947
-0.00935347143420113
-0.6579548879046112
-0.14036237349699485
0.3289774439523056
0.07018118674849742
-0.6279510017959459
-0.29491002749844586
0.31397550089797294
0.14745501374922293
-0.579221877724562
-0.4407645060586929
0.289610938862281
0.22038225302934644
-0.515473266919904
-0.575319046936213
0.257736633459952
0.2876595234681065
-0.4404974875364216
-0.6974843822593081
0.2202487437682108
0.34874219112965404
-0.35761683573343694
-0.8072780065167305
0.17880841786671847
0.40363900325836527
-0.2694859223756333
-0.9053671085095987
0.13474296118781665
0.45268355425479934
-0.17811304798922456
-0.9927210984310286
0.08905652399461228
0.4963605492155143
-0.08496989094466668
-1.07039568655188
0.04248494547233334
0.53519784327594
0.008884769247140063
-1.139416880882875
-0.004442384623570031
0.5697084404414375
0.10269757329603688
-1.2007275661930825
-0.05134878664801844
0.6003637830965413
0.19593666049522507
-1.2551690339934751
-0.09796833024761253
0.6275845169967376
0.28822940615773973
-1.3034803227680554
-0.14411470307886987
0.6517401613840277
0.379317362638247
-1.3463056955476351
-0.1896586813191235
0.6731528477738176
0.4690240047279396
-1.3842051392953731
-0.2345120023639698
0.6921025696476866
0.5572317128799285
-1.4176653416371892
-0.2786158564399642
0.7088326708185946
0.6438653272909227
-1.4471099814522228
-0.32193266364546136
0.7235549907261114
0.72888035301341
-1.47290888259837
-0.364440176506705
0.736454441299185
0.8122544585613858
-1.4953859316475158
-0.4061272292806929
0.7476929658237579
0.8939813148364172
-1.5148258222434132
-0.4469906574182086
0.7574129111217066
0.9740661057423003
-1.53147975331551
-0.4870330528711502
0.765739876657755
1.052522240205835
-1.5455702251091807
-0.5262611201029175
0.7727851125545904
1.1293689332468033
-1.5572950715040177
-0.5646844666234017
0.7786475357520088
1.2046294198054306
-1.5668308525042056
-0.6023147099027153
0.7834154262521028
1.2783296322187938
-1.574335713590222
-0.6391648161093969
0.787167856795111
1.3504972194834537
-1.5799518018582106
-0.6752486097417268
0.7899759009291053
1.4211608198794068
-1.5838073138132787
-0.7105804099397034
0.7919036569066393
1.490349522357648
-1.58601823671689
-0.745174761178824
0.793009118358445
1.5580924691915092
-1.5866898344920282
-0.7790462345957546
0.7933449172460141
1.624418564746921
-1.585917920161465
-0.8122092823734605
0.7929589600807325
1.6893562642158835
-1.5837899493753316
-0.8446781321079417
0.7918949746876658
1.7529334227413331
-1.5803859635146875
-0.8764667113706666
0.7901929817573438
1.815177190214729
-1.5757794059024715
-0.9075885951073644
0.7878897029512357
1.87611394062694
-1.570037830608973
-0.93805697031347
0.7850189153044865
1.9357692275378215
-1.5632235200357676
-0.9678846137689108
0.7816117600178838
1.9941677592435183
-1.5553940247597997
-0.9970838796217592
0.7776970123798999
2.05133338873853
-1.5466026369040087
-1.025666694369265
0.7733013184520043
2.107289114719391
-1.536898806480201
-1.0536445573596955
0.7684494032401005
2.162057090751592
-1.5263285086493728
-1.081028545375796
0.7631642543246864
2.215658640389594
-1.514934568604386
-1.107829320194797
0.757467284302193
2.2681142765520996
-1.5027569497515876
-1.1340571382760498
0.7513784748757938
2.3194437238488304
-1.4898330100126986
-1.1597218619244152
0.7449165050063493
2.3696659428590596
-1.4761977303547704
-1.1848329714295298
0.7380988651773852
2.4187991555972594
-1.4618839190588218
-1.2093995777986297
0.7309419595294109
2.4668608715834126
-1.446922394736434
-1.2334304357917063
0.723461197368217
2.513867914076937
-1.4313421506813735
-1.2569339570384686
0.7156710753406867
2.5598364461430503
-1.415170502786713
-1.2799182230715251
0.7075852513933565
2.6047819963057948
-1.3984332229557994
-1.3023909981528974
0.6992166114778997
2.648719483608347
-1.3811546596787192
-1.3243597418041735
0.6905773298393596
2.6916632419527504
-1.3633578472272019
-1.3458316209763752
0.6816789236136009
2.7336270436312073
-1.3450646047340025
-1.3668135218156037
0.6725323023670012
2.7746241219919296
-1.3262956262627006
-1.3873120609959648
0.6631478131313503
2.814667193206355
-1.3070705628363013
-1.4073335966031775
0.6535352814181506
2.8537684771227276
-1.2874080972745694
-1.4268842385613638
0.6437040486372847
2.8919397172048953
-1.2673260125877492
-1.4459698586024476
0.6336630062938746
2.929192199565563
-1.2468412545858074
-1.4645960997827816
0.6234206272929037
2.9655367711109575
-1.225969989285531
-1.4827683855554787
0.6129849946427655
3.00098385681945
-1.204727655631049
-1.500491928409725
0.6023638278155246
3.035543476180632
-1.1831290139851367
-1.517771738090316
0.5915645069925684
3.069225258823991
-1.161188190797839
-1.5346126294119955
0.5805940953989195
3.102038459367991
-1.1389187198144683
-1.5510192296839955
0.5694593599072342
3.1339919715212425
-1.1163335801460026
-1.5669959857606213
0.5581667900730013
3.165094341467736
-1.0934452314906342
-1.582547170733868
0.5467226157453171
3.195353780567941
-1.0702656467650264
-1.5976768902839704
0.5351328233825132
3.2247781774070754
-1.0468063423772018
-1.6123890887035377
0.5234031711886009
3.2533751092210883
-1.0230784063494553
-1.6266875546105442
0.5115392031747277
3.281151852729961
-0.9990925244788449
-1.6405759263649804
0.49954626223942245
3.3081153944068626
-0.9748590047043387
-1.6540576972034313
0.48742950235216936
3.3342724402105675
-0.9503877998332834
-1.6671362201052837
0.4751938999166417
3.3596294248073013
-0.9256885287652501
-1.6798147124036507
0.46284426438262505
3.3841925203070145
-0.9007704963383083
-1.6920962601535072
0.45038524816915415
3.4079676445377967
-0.8756427119111573
-1.7039838222688983
0.43782135595557864
3.4309604688809783
-0.8503139067841716
-1.7154802344404891
0.4251569533920858
3.4531764256882322
-0.8247925505531226
-1.7265882128441161
0.4123962752765613
3.4746207153008357
-0.7990868664810165
-1.7373103576504179
0.39954343324050823
3.4952983126901374
-0.7732048459660186
-1.7476491563450687
0.3866024229830093
3.5152139737371515
-0.7471542621767233
-1.7576069868685757
0.37357713108836166
3.5343722411681826
-0.7209426829199928
-1.7671861205840913
0.3604713414599964
3.5527774501623606
-0.6945774828011553
-1.7763887250811803
0.34728874140057764
3.570433733646013
-0.6680658547314524
-1.7852168668230064
0.3340329273657262
3.587345027287883
-0.6414148208332113
-1.7936725136439415
0.32070741041660566
3.6035150742083264
-0.6146312427892229
-1.8017575371041632
0.30731562139461144
3.618947429414782
-0.5877218316792077
-1.809473714707391
0.29386091583960383
3.6336454639750313
-0.5606931573429914
-1.8168227319875156
0.2803465786714957
3.6476123689389963
-0.5335516573070602
-1.8238061844694982
0.2667758286535301
3.66085115901911
-0.5063036453085061
-1.830425579509555
0.25315182265425307
3.6733646760386205
-0.47895531944795244
-1.8366823380193102
0.23947765972397622
3.685155592156531
-0.4515127700008673
-1.8425777960782654
0.22575638500043366
3.6962264128772575
-0.42398198691469546
-1.8481132064386288
0.21199099345734773
3.706579479852513
-0.39636886701744956
-1.8532897399262565
0.19818443350872478
3.716216973482344
-0.36867922096178674
-1.858108486741172
0.18433961048089337
3.725140915321728
-0.34091877992713365
-1.862570457660864
0.17045938996356683
3.7333531702986105
-0.3130932021011098
-1.8666765851493052
0.1565466010505549
3.7408554487487837
-0.2852080789603133
-1.8704277243743919
0.14260403948015665
3.747649308272522
-0.2572689413694683
-1.873824654136261
0.12863447068473416
3.7537361554174558
-0.22928126551698594
-1.8768680777087279
0.11464063275849297
3.7591172471916985
-0.2012504787041386
-1.8795586235958492
0.1006252393520693
3.763793692410856
-0.17318196500430197
-1.881896846205428
0.08659098250215098
3.767766452882106
-0.14508107080805538
-1.883883226441053
0.07254053540402769
3.771036344428158
-0.11695311026935776
-1.885518172214079
0.05847655513467888
3.7736040377535067
-0.08880337066752247
-1.8868020188767534
0.04440168533376124
3.7754700591550234
-0.06063711769929489
-1.8877350295775117
0.030318558849647445
3.776634791078552
-0.032459600714992175
-1.888317395539276
0.016229800357496087
3.777098472522813
-0.004276057912389317
-1.8885492362614065
0.0021380289561946583
3.776861199291565
0.02390827849817135
-1.8884305996457824
-0.011954139249085675
3.7759229240946093
0.052088177144110584
-1.8879614620473046
-0.026044088572055292
3.7742834564978818
0.08025840234312143
-1.8871417282489409
-0.04012920117156071
3.7719424627225
0.10841370894460661
-1.88597123136125
-0.054206854472303306
3.768899465292317
0.13654883714673968
-1.8844497326461584
-0.06827441857336984
3.765153842529137
0.1646585072757264
-1.8825769212645684
-0.0823292536378632
3.760704827894423
0.19273741451365783
-1.8803524139472114
-0.09636870725682892
3.755551509175948
0.22078022356109497
-1.877775754587974
-0.11039011178054749
3.7496928275174746
0.24878156322020156
-1.8748464137587373
-0.12439078161010078
3.743127576289176
0.2767360208838497
-1.871563788144588
-0.13836801044192484
3.7358543997961267
0.3046381369156524
-1.8679271998980633
-0.1523190684578262
3.7278717918218023
0.3324823989053307
-1.8639358959109011
-0.16624119945266536
3.7191780940031087
0.3602632357831905
-1.8595890470015544
-0.18013161789159526
3.70977149403306
0.3879750117767654
-1.85488574701653
-0.1939875058883827
3.6996500236867904
0.4156120201918668
-1.8498250118433952
-0.2078060100959334
3.6888115566661206
0.44316847699936635
-1.8444057783330603
-0.22158423849968317
3.677253806257455
0.47063851420801167
-1.8386269031287275
-0.23531925710400584
3.6649743227972973
0.49801617300243173
-1.8324871613986486
-0.24900808650121586
3.6519704909391457
0.5252953966242171
-1.8259852454695729
-0.26264769831210855
3.6382395267150347
0.5524700229725501
-1.8191197633575173
-0.27623501148627505
3.623778474384409
0.5795337768992946
-1.8118892371922044
-0.2897668884496473
3.6085842030624478
0.6064802621717276
-1.8042921015312239
-0.3032401310858638
3.5926534031193524
0.6333029530741798
-1.7963267015596762
-0.3166514765370899
3.5759825823414637
0.6599951856177406
-1.7879912911707319
-0.3299975928088703
3.558568061844408
0.6865501483248435
-1.779284030922204
-0.34327507416242176
3.5404059717277763
0.7129608725529725
-1.7702029858638881
-0.35648043627648623
3.5214922464600793
0.7392202223188727
-1.7607461232300397
-0.36961011115943637
3.501822619981957
0.7653208835815027
-1.7509113099909785
-0.38266044179075137
3.4813926205148125
0.7912553529384728
-1.7406963102574062
-0.3956276764692364
3.4601975650611436
0.8170159256868642
-1.7300987825305718
-0.4085079628434321
3.438232553581991
0.8425946831950464
-1.7191162767909955
-0.4212973415975232
3.4154924628359375
0.8679834795273811
-1.7077462314179688
-0.43399173976369054
3.3919719398631223
0.8931739272584492
-1.6959859699315611
-0.4465869636292246
3.3676653950967
0.9181573824076092
-1.68383269754835
-0.4590786912038046
3.342566995083094
0.9429249284182155
-1.671283497541547
-0.47146246420910776
3.3166706547912757
0.9674673590986198
-1.6583353273956378
-0.4837336795493099
3.2899700294901573
0.9917751604340458
-1.6449850147450786
-0.4958875802170229
3.2624585061719937
1.0158384911694718
-1.6312292530859969
-0.5079192455847359
3.2341291944984754
1.0396471620536516
-1.6170645972492377
-0.5198235810268258
3.204974917244984
1.0631906136232192
-1.602487458622492
-0.5315953068116096
3.174988200217242
1.086457892393287
-1.587494100108621
-0.5432289461966435
3.1441612616133963
1.1094376253069012
-1.5720806308066981
-0.5547188126534506
3.1124860008033917
1.1321179922799205
-1.5562430004016958
-0.5660589961399602
3.079953986496422
1.1544866966601326
-1.539976993248211
-0.5772433483300663
3.046556444266236
1.17653093339939
-1.523278222133118
-0.588265466699695
3.0122842434032826
1.1982373547149594
-1.5061421217016413
-0.5991186773574797
2.9771278830620655
1.219592032990713
-1.4885639415310328
-0.6097960164953565
2.941077477671814
1.2405804206398416
-1.470538738835907
-0.6202902103199208
2.904122741578692
1.2611873066178976
-1.452061370789346
-0.6305936533089488
2.8662529728884403
1.2813967692376147
-1.4331264864442201
-0.6406983846188073
2.8274570364797498
1.301192124894355
-1.4137285182398749
-0.6505960624471775
2.7877233461609454
1.320555872262422
-1.3938616730804727
-0.660277936131211
2.747039845946075
1.3394696314668444
-1.3735199229730375
-0.6697348157334222
2.705393990431495
1.3579140776714527
-1.3526969952157475
-0.6789570388357263
2.6627727242610257
1.375868868450768
-1.3313863621305129
-0.687934434225384
2.61916246067719
1.3933125642287996
-1.309581230338595
-0.6966562821143998
2.5745490591686795
1.4102225409703806
-1.2872745295843397
-0.7051112704851903
2.528917802240863
1.4265748941978762
-1.2644589011204315
-0.7132874470989381
2.482253371357948
1.4423443332752348
-1.241126685678974
-0.7211721666376174
2.434539822133804
1.4575040647491546
-1.217269911066902
-0.7287520323745773
2.385760558885185
1.4720256633596425
-1.1928802794425926
-0.7360128316798212
2.3358983087085274
1.4858789291247088
-1.1679491543542637
-0.7429394645623544
2.284935095302599
1.4990317286605879
-1.1424675476512995
-0.7495158643302939
2.2328522128379107
1.5114498186127578
-1.1164261064189553
-0.7557249093063789
2.1796302002749273
1.523096648735612
-1.0898151001374636
-0.761548324367806
2.1252488166632624
1.533933141759574
-1.0626244083316312
-0.766966570879787
2.0696870181216216
1.5439174467110481
-1.0348435090608108
-0.7719587233555241
2.012922937414385
1.5530046617872868
-1.0064614687071924
-0.7765023308936434
1.9549338673199874
1.5611465222158891
-0.9774669336599937
-0.7805732611079446
1.895696249347909
1.5682910477235812
-0.9478481246739545
-0.7841455238617906
1.8351856698307856
1.574382143271956
-0.9175928349153928
-0.787191071635978
1.7733768660300604
1.5793591455527727
-0.8866884330150302
-0.7896795727763863
1.7102437456936292
1.5831563063273226
-0.8551218728468146
-0.7915781531636613
1.6457594245540144
1.5857022019874751
-0.8228797122770072
-0.7928511009937376
1.5798962876398361
1.586919056641044
-0.7899481438199181
-0.793459528320522
1.5126260821065256
1.5867219634951097
-0.7563130410532628
-0.7933609817475549
1.4439200517321322
1.585017986221515
-0.7219600258660661
-0.7925089931107575
1.373749126488916
1.5817051182080626
-0.686874563244458
-0.7908525591040313
1.3020841849949565
1.5766710729672941
-0.6510420924974782
-0.7883355364836471
1.2288964135980351
1.5697918733002645
-0.6144482067990176
-0.7848959366501322
1.1541577939474261
1.560930199870401
-0.5770788969737131
-0.7804650999352005
1.0778417620217726
1.5499334513792749
-0.5389208810108863
-0.7749667256896374
0.9999240969242226
1.5366314582887282
-0.4999620484621113
-0.7683157291443641
0.9203841190876784
1.5208337797728722
-0.4601920595438392
-0.7604168898864361
0.8392063073991962
1.5023264992074294
-0.4196031536995981
-0.7511632496037147
0.7563824868571791
1.4808684172296351
-0.37819124342858956
-0.7404342086148176
0.6719147981238438
1.4561865241379506
-0.3359573990619219
-0.7280932620689753
0.5858197456222547
1.4279706174648112
-0.29290987281112735
-0.7139853087324056
0.4981337431353821
1.3958669210383452
-0.24906687156769106
-0.6979334605191726
0.4089207517177159
1.3594705691889195
-0.20446037585885796
-0.6797352845944598
0.3182828573485843
1.3183168645668673
-0.15914142867429215
-0.6591584322834336
0.22637499623283444
1.2718713400798423
-0.11318749811641722
-0.6359356700399211
0.1334255414645777
1.2195189300705203
-0.06671277073228885
-0.6097594650352601
0.03976514963336908
1.1605531231966362
-0.01988257481668454
-0.5802765615983181
-0.054132874112589616
1.0941670837217878
0.027066437056294808
-0.5470835418608939
-0.14759653425431585
1.0194508304371483
0.07379826712715792
-0.5097254152185742
-0.23967882518251438
0.9354023578462358
0.11983941259125719
-0.4677011789231179
-0.3290579118938005
0.8409670001084316
0.16452895594690026
-0.4204835000542158
-0.4139169633486748
0.7351289537793575
0.2069584816743374
-0.36756447688967875
-0.4918242546997223
0.6170897408922302
0.24591212734986115
-0.3085448704461151
-0.5596707953214253
0.48657045671582244
0.27983539766071264
-0.24328522835791122
-0.6137783117052579
0.34424146788533516
0.30688915585262894
-0.17212073394266758
-0.6503264063590313
0.19217681828395267
0.32516320317951564
-0.09608840914197633
-0.6661594062036691
0.03406197063408846
0.33307970310183455
-0.01703098531704423
-0.6597382044699839
-0.12517720188864112
0.32986910223499194
0.06258860094432056
-0.6316984264922307
-0.28036217085294335
0.31584921324611537
0.14018108542647167
-0.5846125995542608
-0.4271912042718292
0.2923062997771304
0.2135956021359146
-0.5221343496553935
-0.5628999667841519
0.26106717482769676
0.28144998339207594
-0.4480784139670443
-0.6862678817990417
0.22403920698352214
0.3431339408995209
-0.3658258705637288
-0.7972267528496528
0.1829129352818644
0.3986133764248264
-0.2780971326981233
-0.8963985687815954
0.13904856634906165
0.4481992843907977
-0.18695871556248062
-0.9847350281261682
0.09347935778124031
0.4923675140630841
-0.09392853444503531
-1.063289949763055
0.046964267222517654
0.5316449748815275
-0.00010012389489849616
-1.1330953601014353
5.006194744924808e-05
0.5665476800507177
0.09374776097793433
-1.1951034256914372
-0.046873880488967165
0.5975517128457186
0.1870649526354157
-1.2501655079007992
-0.09353247631770785
0.6250827539503996
0.2794656998483857
-1.2990303028934318
-0.13973284992419285
0.6495151514467159
0.37068215053199094
-1.342350813548187
-0.18534107526599547
0.6711754067740935
0.460531032064304
-1.3806946995962683
-0.230265516032152
0.6903473497981342
0.5488898729777719
-1.414555275912892
-0.27444493648888596
0.707277637956446
0.6356800173538757
-1.4443618978308046
-0.31784000867693785
0.7221809489154023
0.7208544481906032
-1.4704892334136632
-0.3604272240953016
0.7352446167068316
0.8043890154065005
-1.4932652999500684
-0.40219450770325027
0.7466326499750342
0.8862760820958691
-1.5129783170093165
-0.44313804104793453
0.7564891585046583
0.9665198971754339
-1.5298824997327283
-0.4832599485877169
0.7649412498663641
1.0451332079832585
-1.5442029359863894
-0.5225666039916292
0.7721014679931947
1.122134769236533
-1.5561396869356487
-0.5610673846182666
0.7780698434678244
1.1975475042184396
-1.5658712365298977
-0.5987737521092198
0.7829356182649488
1.2713971435912108
-1.5735573982685818
-0.6356985717956054
0.7867786991342909
1.3437112160980007
-1.579341770737453
-0.6718556080490004
0.7896708853687265
1.414518299978073
-1.5833538181513158
-0.7072591499890365
0.7916769090756579
1.4838474685314298
-1.5857106389667708
-0.7419237342657149
0.7928553194833854
1.5517278809177628
-1.58651847453838
-0.7758639404588814
0.79325923726919
1.6181884820190542
-1.5858740005932135
-0.8090942410095271
0.7929370002966067
1.6832577844615684
-1.5838654367352725
-0.8416288922307842
0.7919327183676362
1.7469637126756379
-1.5805735030018386
-0.8734818563378189
0.7902867515009193
1.8093334938682433
-1.5760722474399824
-0.9046667469341216
0.7880361237199912
1.8703935844868993
-1.5704297645469683
-0.9351967922434496
0.7852148822734841
1.9301696235144012
-1.5637088210498957
-0.9650848117572006
0.7818544105249479
1.988686406003751
-1.5559674027448742
-0.9943432030018755
0.7779837013724371
2.0459678718221257
-1.5472591938579363
-1.0229839359110628
0.7736295969289682
2.102037105753494
-1.5376339985345222
-1.051018552876747
0.7688169992672611
2.156916346007427
-1.5271381125357089
-1.0784581730037135
0.7635690562678544
2.2106269988673075
-1.5158146519561506
-1.1053134994336538
0.7579073259780753
2.2631896577366275
-1.5037038447316977
-1.1315948288683138
0.7518519223658489
2.3146241252461612
-1.4908432898341308
-1.1573120626230806
0.7454216449170654
2.364949437396452
-1.4772681883243997
-1.182474718698226
0.7386340941621998
2.414183888951004
-1.4630115498282736
-1.207091944475502
0.7315057749141368
2.4623450594822565
-1.4481043774884823
-1.2311725297411282
0.7240521887442412
2.509449839617306
-1.4325758340182109
-1.254724919808653
0.7162879170091054
2.555514457142882
-1.4164533911183712
-1.277757228571441
0.7082266955591856
2.6005545027165904
-1.3997629642141105
-1.3002772513582952
0.6998814821070553
2.644584954999426
-1.382529034205277
-1.322292477499713
0.6912645171026385
2.6876202050773785
-1.3647747577034537
-1.3438101025386893
0.6823873788517268
2.729674080080907
-1.3465220670384466
-1.3648370400404535
0.6732610335192233
2.77075986594271
-1.3277917611545966
-1.385379932971355
0.6638958805772983
2.8108903292586285
-1.308603588377724
-1.4054451646293142
0.654301794188862
2.850077738235186
-1.2889763219133488
-1.425038869117593
0.6444881609566744
2.8883338827214904
-1.2689278288330879
-1.4441669413607452
0.6344639144165439
2.925670093333908
-1.2484751332163926
-1.462835046666954
0.6242375666081963
2.962097259689854
-1.2276344740369234
-1.481048629844927
0.6138172370184617
2.997625847772826
-1.2064213583151868
-1.498812923886413
0.6032106791575934
3.032265916454876
-1.1848506100000897
-1.516132958227438
0.5924253050000449
3.066027133205501
-1.1629364149905688
-1.5330135666027505
0.5814682074952844
3.0989187890176386
-1.1406923626633967
-1.5494593945088193
0.5703461813316983
3.1309498125824415
-1.1181314842337535
-1.5654749062912208
0.5590657421168768
3.1621287837447962
-1.0952662882404365
-1.5810643918723981
0.5476331441202182
3.1924639462714532
-1.0721087934170237
-1.5962319731357266
0.5360543967085118
3.2219632199631456
-1.048670559183348
-1.6109816099815728
0.524335279591674
3.2506342121413305
-1.0249627139678275
-1.6253171060706653
0.5124813569839137
3.2784842285392757
-1.0009959815501104
-1.6392421142696378
0.5004979907750552
3.305520283626146
-0.9767807055948096
-1.652760141813073
0.4883903527974048
3.331749110391609
-0.9523268725304912
-1.6658745551958045
0.4761634362652456
3.357177169617275
-0.9276441329133182
-1.6785885848086375
0.4638220664566591
3.381810658660073
-0.9027418214015903
-1.6909053293300365
0.45137091070079516
3.4056555197714253
-0.8776289754556813
-1.7028277598857127
0.43881448772784065
3.4287174479748685
-0.8523143528673787
-1.7143587239874343
0.42615717643368933
3.451001898523572
-0.8268064482132487
-1.725500949261786
0.41340322410662433
3.472514093958028
-0.8011135083182297
-1.736257046979014
0.40055675415911485
3.493259030783056
-0.7752435468081142
-1.746629515391528
0.3876217734040571
3.513241485782175
-0.7492043578227975
-1.7566207428910876
0.37460217891139874
3.5324660219863295
-0.7230035289560719
-1.7662330109931648
0.36150176447803595
3.5509369943129614
-0.6966484534822622
-1.7754684971564807
0.3483242267411311
3.568658554890443
-0.6701463419250425
-1.7843292774452215
0.33507317096252126
3.585634658081974
-0.6435042330193191
-1.792817329040987
0.32175211650965957
3.6018690652221474
-0.6167290041130331
-1.8009345326110737
0.30836450205651655
3.617365349078584
-0.5898273810520958
-1.808682674539292
0.2949136905260479
3.6321268980502035
-0.5628059475883809
-1.8160634490251018
0.28140297379419044
3.6461569201129684
-0.5356711543477225
-1.8230784600564842
0.26783557717386125
3.659458446523202
-0.5084293273921713
-1.829729223261601
0.25421466369608564
3.6720343352879046
-0.4810866764083287
-1.8360171676439523
0.24054333820416435
3.683887274410831
-0.4536493025513689
-1.8419436372054154
0.22682465127568446
3.6950197849224775
-0.4261232059723648
-1.8475098924612388
0.2130616029861824
3.705434223701536
-0.39851429305472663
-1.852717111850768
0.19925714652736332
3.7151327860947987
-0.3708283833839308
-1.8575663930473993
0.1854141916919654
3.7241175083419717
-0.3430712164732407
-1.8620587541709859
0.17153560823662034
3.7323902698113263
-0.31524845826679315
-1.8661951349056631
0.15762422913339658
3.739952795051629
-0.28736570744022705
-1.8699763975258146
0.14368285372011352
3.7468066556653263
-0.25942850151795577
-1.8734033278326632
0.12971425075897788
3.752953272007485
-0.23144232282522562
-1.8764766360037426
0.11572116141261281
3.758393914714571
-0.203412604292243
-1.8791969573572855
0.1017063021461215
3.7631297060667075
-0.1753447351268967
-1.8815648530333537
0.08767236756344834
3.767161621186661
-0.14724406637193155
-1.8835808105933305
0.07362203318596577
3.7704904890783837
-0.11911591636184846
-1.8852452445391918
0.05955795818092423
3.773116993507579
-0.09096557609430345
-1.8865584967537894
0.04548278804715172
3.775041673726353
-0.0627983145303534
-1.8875208368631764
0.0313991572651767
3.7762649250436615
-0.03461938383754481
-1.8881324625218308
0.017309691918772404
3.7767869992428875
-0.006434024589560489
-1.8883934996214438
0.0032170122947802445
3.7766080048475255
0.02175252906407401
-1.8883040024237627
-0.010876264532037005
3.775727907235602
0.04993504424486842
-1.887863953617801
-0.02496752212243421
3.774146528603089
0.0781082841955558
-1.8870732643015444
-0.0390541420977779
3.7718635477762357
0.106267003120332
-1.8859317738881178
-0.053133501560166
3.768878499872373
0.13440594100183992
-1.8844392499361864
-0.06720297050091996
3.7651907758083976
0.16251981838147805
-1.8825953879041988
-0.08125990919073903
3.7607996216557877
0.19060333108943373
-1.8803998108278939
-0.09530166554471686
3.755704137840637
0.2186511449105943
-1.8778520689203184
-0.10932557245529714
3.7499032781868156
0.24665789017217454
-1.8749516390934078
-0.12332894508608727
3.743395848800019
0.27461815623850916
-1.8716979244000096
-0.13730907811925458
3.7361805067900518
0.30252648589799774
-1.8680902533950259
-0.15126324294899887
3.7282557588283156
0.330377369626648
-1.8641278794141578
-0.165188684813324
3.719619959537079
0.3581652397120374
-1.8598099797685395
-0.1790826198560187
3.710271309706658
0.38588446422080286
-1.855135654853329
-0.19294223211040143
3.700207854336242
0.4135293407919586
-1.850103927168121
-0.2067646703959793
3.6894274804936176
0.4410940902374365
-1.8447137402468088
-0.22054704511871825
3.6779279149886177
0.4685728499302263
-1.8389639574943089
-0.23428642496511315
3.665706721854601
0.4959596669593583
-1.8328533609273006
-0.24797983347967914
3.652761299631788
0.5232484910297104
-1.826380649815894
-0.2616242455148552
3.639088878445752
0.5504331670832223
-1.819544439222876
-0.27521658354161116
3.624686516873796
0.5775074276165466
-1.812343258436898
-0.2887537138082733
3.609551098591389
0.6044648846684506
-1.8047755492956945
-0.3022324423342253
3.593679328790217
0.6312990214483853
-1.7968396643951086
-0.3156495107241927
3.577067730358772
0.6580031835755382
-1.788533865179386
-0.3290015917877691
3.5597126398157295
0.6845705698953691
-1.7798563199078647
-0.34228528494768456
3.5416102029856824
0.7109942228380672
-1.7708051014928412
-0.3554971114190336
3.5227563704060274
0.7372670182805381
-1.7613781852030137
-0.36863350914026904
3.503146892453057
0.7633816548703973
-1.7515734462265284
-0.38169082743519867
3.4827773141744762
0.7893306427669953
-1.7413886570872381
-0.39466532138349764
3.4616429698147138
0.8151062917506611
-1.7308214849073569
-0.40755314587533054
3.439738977018491
0.8407006986471228
-1.7198694885092456
-0.4203503493235614
3.417060230697185
0.8661057340093603
-1.7085301153485926
-0.43305286700468015
3.3936013965415204
0.8913130279939395
-1.6968006982707602
-0.44565651399696976
3.369356904163102
0.9163139553630932
-1.684678452081551
-0.4581569776815466
3.3443209398462317
0.9410996195373882
-1.6721604699231158
-0.4705498097686941
3.318487438890333
0.9656608356166668
-1.6592437194451666
-0.4828304178083334
3.2918500775221595
0.9899881122789861
-1.6459250387610798
-0.49499405613949304
3.2644022643557884
1.0140716324583954
-1.6322011321778942
-0.5070358162291977
3.2361371313771796
1.0379012326924733
-1.6180685656885898
-0.5189506163462366
3.207047524428866
1.061466381019451
-1.603523762214433
-0.5307331905097254
3.177125993169117
1.0847561532923242
-1.5885629965845585
-0.5423780766461621
3.1463647804787147
1.1077592077634302
-1.5731823902393574
-0.5538796038817151
3.114755811287293
1.130463757777307
-1.5573779056436465
-0.5652318788886534
3.082290680790119
1.1528575423920535
-1.5411453403950595
-0.5764287711960268
3.048960642025181
1.1749277947295722
-1.5244803210125906
-0.5874638973647861
3.0147565927796416
1.196661207832674
-1.5073782963898208
-0.598330603916337
2.9796690617940707
1.218043897781712
-1.4898345308970353
-0.609021948890856
2.943688194232603
1.2390613637947332
-1.4718440971163016
-0.6195306818973666
2.906803736387227
1.2596984450025708
-1.4534018681936136
-0.6298492225012854
2.869005019585071
1.2799392735533117
-1.4345025097925355
-0.6399696367766559
2.8302809432688556
1.299767223658392
-1.4151404716344278
-0.649883611829196
2.7906199572229378
1.3191648561444484
-1.3953099786114689
-0.6595824280722242
2.750010042920744
1.33811385801999
-1.375005021460372
-0.669056929009995
2.7084386939743004
1.3565949765028202
-1.3542193469871502
-0.6782974882514101
2.6658928956733736
1.374587946881625
-1.3329464478366868
-0.6872939734408124
2.622359103610967
1.3920714135016028
-1.3111795518054834
-0.6960357067508014
2.577823221404311
1.4090228430676177
-1.2889116107021554
-0.7045114215338089
2.532270577536798
1.4254184293467955
-1.266135288768399
-0.7127092146733978
2.4856859013677095
1.4412329882231056
-1.2428429506838548
-0.7206164941115528
2.438053298384425
1.4564398419059918
-1.2190266491922126
-0.7282199209529959
2.3893562248078464
1.4710106909197043
-1.1946781124039232
-0.7355053454598521
2.3395774617083243
1.4849154722948894
-1.1697887308541621
-0.7424577361474447
2.2886990888493415
1.4981222021435878
-1.1443495444246707
-0.7490611010717939
2.2367024585533812
1.5105968005161678
-1.1183512292766906
-0.7552984002580839
2.183568169983666
1.5223028961055205
-1.091784084991833
-0.7611514480527602
2.12927604436317
1.533201607969846
-1.064638022181585
-0.766600803984923
2.0738051018167565
1.5432513009780877
-1.0369025509083782
-0.7716256504890439
2.0171335407343465
1.552407311126171
-1.0085667703671732
-0.7762036555630855
1.959238720826971
1.5606216362088507
-0.9796193604134855
-0.7803108181044254
1.9000971514022693
1.567842586537886
-0.9500485757011347
-0.783921293268943
1.839684486846543
1.574014389443697
-0.9198422434232715
-0.7870071947218485
1.7779755319003345
1.5790767401490362
-0.8889877659501673
-0.7895383700745181
1.7149442600985125
1.5829642902152863
-0.8574721300492563
-0.7914821451076431
1.6505638497746002
1.5856060630799775
-0.8252819248873001
-0.7928030315399888
1.5848067433847206
1.586924784159796
-0.7924033716923603
-0.793462392079898
1.517644737701158
1.5868361105021767
-0.758822368850579
-0.7934180552510883
1.4490491148132079
1.5852477419259063
-0.7245245574066039
-0.7926238709629532
1.3789908270665432
1.5820583918680733
-0.6894954135332716
-0.7910291959340366
1.307440753368022
1.577156591593941
-0.653720376684011
-0.7885782957969705
1.2343700500956878
1.5704192958385
-0.6171850250478439
-0.78520964791925
1.1597506277689629
1.561710251111083
-0.5798753138844814
-0.7808551255555415
1.0835557954830373
1.5508780795561599
-0.5417778977415186
-0.7754390397780799
1.0057611300826501
1.5377540211609175
-0.5028805650413251
-0.7688770105804588
0.9263456478540659
1.5221492649991855
-0.46317282392703296
-0.7610746324995927
0.845293385625221
1.5038517859856768
-0.4226466928126105
-0.7519258929928384
0.7625955391828241
1.4826225874675896
-0.38129776959141204
-0.7413112937337948
0.6782533650948471
1.458191232739802
-0.33912668254742356
-0.729095616369901
0.592282135038876
1.430250532410255
-0.296141067519438
-0.7151252662051275
0.5047165507464968
1.3984502442762605
-0.2523582753732484
-0.6992251221381303
0.4156181987657604
1.362389647905085
-0.2078090993828802
-0.6811948239525425
0.3250858700756643
1.3216088970449198
-0.16254293503783215
-0.6608044485224599
0.23326992064828692
1.2755791671896992
-0.11663496032414346
-0.6377895835948496
0.14039234251768618
1.2236918749184478
-0.07019617125884309
-0.6118459374592239
0.04677488551064586
1.1652477838695576
-0.02338744275532293
-0.5826238919347788
-0.04712158145001605
1.0994478726842574
0.023560790725008024
-0.5497239363421287
-0.14064237335301927
1.0253898472189804
0.07032118667650963
-0.5126949236094902
-0.23286435099596697
0.9420778160225308
0.11643217549798349
-0.4710389080112654
-0.3224978980053468
0.8484588340327581
0.1612489490026734
-0.42422941701637906
-0.4077678953845143
0.7435094060288719
0.20388394769225715
-0.37175470301443597
-0.48629242076290413
0.6264060107613456
0.24314621038145207
-0.3132030053806728
-0.555012871787241
0.4968171060415483
0.2775064358936205
-0.24840855302077414
-0.6102839628554748
0.35532489669481376
0.3051419814277374
-0.17766244834740688
-0.6482723634633756
0.2038851645349425
0.3241361817316878
-0.10194258226747124
-0.6657382903686544
0.04606608003763583
0.3328691451843272
-0.023033040018817914
-0.6609929276214668
-0.11327166483200503
0.3304964638107334
0.056635832416002514
-0.6345057481145417
-0.2689268772245156
0.3172528740572709
0.1344634386122578
-0.588728448797082
-0.4165002686945101
0.294364224398541
0.20825013434725506
-0.527267698371667
-0.5531040303145618
0.2636338491858335
0.2765520151572809
-0.453951953100871
-0.677412088343115
0.2269759765504355
0.3387060441715575
-0.37220694094103757
-0.7892861116692709
0.18610347047051878
0.39464305583463544
-0.28480471590634016
-0.8893103913195978
0.14240235795317008
0.4446551956597989
-0.19385809069346188
-0.9784213339366412
0.09692904534673094
0.4892106669683206
-0.10092199437910843
-1.0576705205223385
0.05046099718955421
0.5288352602611692
-0.007117877036316722
-1.1280943479459429
0.003558938518158361
0.5640471739729714
0.08675507518009909
-1.1906521385962023
-0.043377537590049545
0.5953260692981012
0.1801319575406749
-1.2462031429291325
-0.09006597877033745
0.6231015714645662
0.272616451151628
-1.295503675680032
-0.136308225575814
0.647751837840016
0.36393313475525046
-1.3392136582249015
-0.18196656737762523
0.6696068291124507
0.45389330743939943
-1.3779068352689081
-0.22694665371969971
0.6889534176344541
0.5423705964084374
-1.4120817825475254
-0.2711852982042187
0.7060408912737627
0.6292835361392298
-1.4421723635149144
-0.3146417680696149
0.7210861817574572
0.7145830839134888
-1.4685570939374033
-0.3572915419567444
0.7342785469687017
0.798243629691533
-1.4915672719117912
-0.3991218148457665
0.7457836359558956
0.8802564871387435
-1.511493916969678
-0.44012824356937175
0.755746958484839
0.9606251551846221
-1.5285936388428825
-0.48031257759231105
0.7642968194214412
1.0393618506235422
-1.5430935791111149
-0.5196809253117711
0.7715467895555574
1.1164849590883872
-1.5551955660879717
-0.5582424795441936
0.7775977830439859
1.1920171539390936
-1.5650796096756117
-0.5960085769695468
0.7825398048378058
1.2659840040295807
-1.572906845880849
-0.6329920020147903
0.7864534229404245
1.3384129414909052
-1.5788220237181794
-0.6692064707454526
0.7894110118590897
1.409332496138313
-1.5829556118238424
-0.7046662480691565
0.7914778059119212
1.4787717283547281
-1.5854255887700275
-0.7393858641773641
0.7927127943850137
1.5467598103964235
-1.5863389698250885
-0.7733799051982118
0.7931694849125442
1.613325719125084
-1.5857931135720866
-0.806662859562542
0.7928965567860433
1.678498012660313
-1.5838768441196704
-0.8392490063301565
0.7919384220598352
1.7423046703893248
-1.5806714183542525
-0.8711523351946624
0.7903357091771263
1.8047729808826398
-1.5762513625501042
-0.9023864904413199
0.7881256812750521
1.8659294660519192
-1.57068519846544
-0.9329647330259596
0.78534259923272
1.9257998327084236
-1.5640360756321714
-0.9628999163542118
0.7820180378160857
1.9844089447953936
-1.5563623237498168
-0.9922044723976968
0.7781811618749084
2.0417808111605544
-1.5477179368018228
-1.0208904055802772
0.7738589684009114
2.097938584940506
-1.5381529986295084
-1.048969292470253
0.7690764993147542
2.1529045715452777
-1.5277140581477167
-1.0764522857726389
0.7638570290738583
2.2067002429309364
-1.5164444611047823
-1.1033501214654682
0.7582222305523911
2.2593462563842013
-1.5043846442275277
-1.1296731281921006
0.7521923221137639
2.310862476455118
-1.4915723967093
-1.155431238227559
0.74578619835465
2.3612679989916168
-1.4780430932630235
-1.1806339994958084
0.7390215466315118
2.4105811764754055
-1.4638299023455776
-1.2052905882377027
0.7319149511727888
2.458819644048945
-1.4489639726431998
-1.2294098220244725
0.7244819863215999
2.506000345770895
-1.4334746004728176
-1.2530001728854474
0.7167373002364088
2.5521395607521375
-1.4173893803871347
-1.2760697803760688
0.7086946901935673
2.597252928913613
-1.4007343409604691
-1.2986264644568064
0.7003671704802346
2.6413554761765345
-1.3835340674683874
-1.3206777380882673
0.6917670337341937
2.6844616389493385
-1.3658118129493748
-1.3422308194746693
0.6829059064746874
2.726585287817488
-1.347589598944793
-1.363292643908744
0.6737947994723965
2.7677397503745156
-1.328888307048956
-1.3838698751872578
0.664444153524478
2.8079378331575633
-1.309727762259995
-1.4039689165787816
0.6548638811299975
2.847191842669755
-1.290126809000642
-1.4235959213348774
0.645063404500321
2.8855136054862176
-1.270103380573189
-1.4427568027431088
0.6350516902865945
2.9229144874515107
-1.2496745627221348
-1.4614572437257554
0.6248372813610674
2.959405411984325
-1.2288566518993447
-1.4797027059921626
0.6144283259496723
2.9949968775112463
-1.207665208758153
-1.4974984387556232
0.6038326043790765
3.0296989740555387
-1.186115107343257
-1.5148494870277693
0.5930575536716285
3.0635213990097996
-1.1642205803912213
-1.5317606995048998
0.5821102901956107
3.096473472123089
-1.141995261110906
-1.5482367360615445
0.570997630555453
3.1285641497341783
-1.1194522217732221
-1.5642820748670891
0.5597261108866111
3.159802038282903
-1.0966040094045666
-1.5799010191414515
0.5483020047022833
3.190195407131524
-1.0734626788474337
-1.595097703565762
0.5367313394237169
3.2197522007275348
-1.0500398234244857
-1.6098761003637674
0.5250199117122428
3.248480050138634
-1.0263466034183328
-1.624240025069317
0.5131733017091664
3.2763862839896616
-1.0023937725579946
-1.6381931419948308
0.5011968862789973
3.3034779388302624
-0.9781917026841477
-1.6517389694151312
0.48909585134207384
3.329761768960882
-0.9537504067485247
-1.664880884480441
0.47687520337426237
3.355244255743524
-0.9290795602879216
-1.677622127871762
0.4645397801439608
3.379931616422463
-0.9041885214999976
-1.6899658082112314
0.4520942607499988
3.4038298124788775
-0.8790863500362175
-1.7019149062394388
0.43954317501810874
3.4269445575421575
-0.8537818246166935
-1.7134722787710788
0.42689091230834675
3.4492813248794194
-0.8282834595622266
-1.7246406624397097
0.4141417297811133
3.470845354483611
-0.8025995203303564
-1.7354226772418055
0.4012997601651782
3.491641659779427
-0.7767380381346248
-1.7458208298897135
0.3883690190673124
3.5116750339651803
-0.7507068237194199
-1.7558375169825902
0.37535341185970994
3.530950056007697
-0.724513480356622
-1.7654750280038485
0.362256740178311
3.549471096306303
-0.6981654161247417
-1.7747355481531515
0.34908270806237085
3.567242322041001
-0.67166985552625
-1.7836211610205004
0.335834927763125
3.5842677022189893
-0.6450338504943094
-1.7921338511094946
0.3225169252471547
3.6005510124328333
-0.6182642908360487
-1.8002755062164166
0.30913214541802436
3.6160958393427123
-0.5913679141558636
-1.8080479196713561
0.2956839570779318
3.630905584894398
-0.5643513152989038
-1.815452792447199
0.2821756576494519
3.64498347028385
-0.5372209553519111
-1.822491735141925
0.26861047767595553
3.6583325396785824
-0.5099831702358621
-1.8291662698392912
0.2549915851179311
3.6709556637052794
-0.4826441789224092
-1.8354778318526397
0.2413220894612046
3.6828555427124763
-0.4552100913038932
-1.8414277713562381
0.2276050456519466
3.694034709816492
-0.4276869157446912
-1.847017354908246
0.2138434578723456
3.704495533738223
-0.40008056633983957
-1.8522477668691115
0.20004028316991979
3.7142402214378216
-0.37239686990523224
-1.8571201107189108
0.18619843495261612
3.723270820553757
-0.34464157272220386
-1.8616354102768784
0.17232078636110193
3.7315892216522215
-0.31682034705797235
-1.8657946108261108
0.15841017352898618
3.739197160292374
-0.2889387974822052
-1.869598580146187
0.1444693987411026
3.7460962189124105
-0.2610024669988935
-1.8730481094562053
0.13050123349944676
3.7522878285410166
-0.23301684301174858
-1.8761439142705083
0.11650842150587429
3.7577732703382978
-0.20498736314046934
-1.8788866351691489
0.10249368157023467
3.7625536769698753
-0.17691942090446602
-1.8812768384849377
0.08845971045223301
3.7666300338174175
-0.148818371289949
-1.8833150169087087
0.0744091856449745
3.7700031800284615
-0.12068953621570377
-1.8850015900142307
0.06034476810785189
3.7726738094080297
-0.09253820991236647
-1.8863369047040148
0.046269104956183235
3.7746424711541153
-0.06436966422958273
-1.8873212355770577
0.03218483211479137
3.7759095704387886
-0.03618915388507736
-1.8879547852193943
0.01809457694253868
3.776475368836272
-0.008001921669375573
-1.888237684418136
0.004000960834687786
3.7763399845989962
0.02018679638030079
-1.8881699922994981
-0.010093398190150395
3.7755033927822748
0.048371765823589465
-1.8877516963911374
-0.024185882911794732
3.773965425217901
0.07654774866470883
-1.8869827126089505
-0.038273874332354414
3.7717257703365945
0.10470949819107707
-1.8858628851682973
-0.052354749095538534
3.7687839728388863
0.1328517537895179
-1.8843919864194432
-0.06642587689475896
3.7651394332136765
0.16096923572663263
-1.8825697166068383
-0.08048461786331632
3.76079140710333
0.1890566398797421
-1.880395703551665
-0.09452831993987106
3.7557390045138246
0.21710863240456074
-1.8778695022569123
-0.10855431620228037
3.749981188868095
0.24511984432545225
-1.8749905944340475
-0.12255992216272613
3.743516775900334
0.2730848660337332
-1.871758387950167
-0.1365424330168666
3.7363444323886457
0.3009982416790332
-1.8681722161943228
-0.1504991208395166
3.7284626747230414
0.3288544634381825
-1.8642313373615207
-0.16442723171909124
3.719869867305359
0.3566479656454791
-1.8599349336526796
-0.17832398282273956
3.7105642207772953
0.3843731187674811
-1.8552821103886477
-0.19218655938374055
3.7005437900722837
0.4120242232046645
-1.8502718950361419
-0.20601211160233224
3.689806472286521
0.4395955029013905
-1.8449032361432605
-0.21979775145069524
3.678350004363975
0.46708109874461246
-1.8391750021819875
-0.23354054937230623
3.666171960589731
0.4944750617306254
-1.8330859802948656
-0.2472375308653127
3.6532697498855224
0.5217713458779092
-1.8266348749427612
-0.2608856729389546
3.639640612900774
0.5489638008627235
-1.819820306450387
-0.2744819004313617
3.6252816188919343
0.5760461643525685
-1.8126408094459672
-0.28802308217628425
3.61018966238229
0.6030120540109224
-1.805094831191145
-0.3015060270054612
3.5943614595938698
0.6298549591447719
-1.7971807297969349
-0.3149274795723859
3.577793544642387
0.6565682319643735
-1.7888967723211935
-0.32828411598218676
3.5604822654855273
0.683145078422371
-1.7802411327427636
-0.3415725392111855
3.542423779614168
0.7095785485968504
-1.771211889807084
-0.3547892742984252
3.5236140494753987
0.7358615265800986
-1.7618070247376993
-0.3679307632900493
3.5040488376154206
0.7619867198317204
-1.7520244188077103
-0.3809933599158602
3.483723701529604
0.7879466479513276
-1.741861850764802
-0.3939733239756638
3.462633988206122
0.8137336308222093
-1.731316994103061
-0.40686681541110464
3.440774828348682
0.8393397760731733
-1.720387414174341
-0.41966988803658667
3.418141130262943
0.8647569658010852
-1.7090705651314715
-0.4323784829005426
3.3947275733902167
0.8899768424914428
-1.6973637866951083
-0.4449884212457214
3.3705286014710247
0.9149907940685849
-1.6852643007355124
-0.45749539703429243
3.345538415320027
0.9397899380007312
-1.6727692076600136
-0.4698949690003656
3.3197509651927017
0.9643651043779521
-1.6598754825963509
-0.48218255218897604
3.2931599427230336
0.9887068178732417
-1.6465799713615168
-0.49435340893662083
3.26575877241028
1.0128052784880408
-1.63287938620514
-0.5064026392440204
3.237540602631667
1.0366503409736962
-1.6187703013158334
-0.5183251704868481
3.2084982961566624
1.0602314928093128
-1.6042491480783312
-0.5301157464046564
3.1786244201372424
1.0835378306041155
-1.5893122100686212
-0.5417689153020577
3.147911235547362
1.106558034778586
-1.573955617773681
-0.553279017389293
3.11635068604366
1.129280342363093
-1.55817534302183
-0.5646401711815465
3.083934386218344
1.1516925177352415
-1.541967193109172
-0.5758462588676208
3.050653609214195
1.1737818210974562
-1.5253268046070976
-0.5868909105487281
3.0164992736707856
1.19553497447407
-1.5082496368353928
-0.597767487237035
2.9814619299703926
1.2169381249820375
-1.4907309649851963
-0.6084690624910187
2.945531745751766
1.237976805100908
-1.472765872875883
-0.618988402550454
2.908698490659969
1.2586358896353649
-1.4543492453299844
-0.6293179448176824
2.8709515203011233
1.2788995490268933
-1.4354757601505617
-0.6394497745134466
2.832279759372181
1.2987511986292657
-1.4161398796860905
-0.6493755993146328
2.7926716839380044
1.3181734435147605
-1.3963358419690022
-0.6590867217573803
2.7521153028314
1.3371480183233573
-1.3760576514157
-0.6685740091616786
2.7105981381565183
1.35565572160451
-1.3552990690782591
-0.677827860802255
2.668107204882761
1.3736763440291115
-1.3340536024413805
-0.6868381720145558
2.6246289895254282
1.3911885897663911
-1.3123144947627141
-0.6955942948831956
2.580149427921514
1.4081699902248295
-1.290074713960757
-0.7040849951124147
2.5346538821251836
1.4245968092455192
-1.2673269410625918
-0.7122984046227596
2.4881271164685326
1.4404439387080608
-1.2440635582342663
-0.7202219693540304
2.4405532728607
1.455684783359857
-1.22027663643035
-0.7278423916799285
2.3919158454339664
1.4702911335057292
-1.1959579227169832
-0.7351455667528646
2.3421976546913927
1.4842330239914303
-1.1710988273456964
-0.7421165119957152
2.291380821369722
1.497478577676331
-1.145690410684861
-0.7487392888381655
2.2394467403074185
1.509993831310425
-1.1197233701537093
-0.7549969156552125
2.1863760547056366
1.5217425414006134
-1.0931880273528183
-0.7608712707003067
2.132148631295935
1.5326859672608437
-1.0660743156479675
-0.7663429836304219
2.0767435370907683
1.542782627977786
-1.0383717685453842
-0.771391313988893
2.0201390186019657
1.5519880294731174
-1.0100695093009828
-0.7759940147365587
1.9623124846826001
1.5602543571865635
-0.9811562423413001
-0.7801271785932817
1.9032404944974393
1.5675301291175974
-0.9516202472487196
-0.7837650645587987
1.8428987525812546
1.5737598030197182
-0.9214493762906273
-0.7868799015098591
1.7812621135355888
1.578883330404313
-0.8906310567677944
-0.7894416652021565
1.718304599687277
1.5828356486376276
-0.8591522998436385
-0.7914178243188138
1.6539994360456902
1.585546100750065
-0.8269997180228451
-0.7927730503750325
1.58831910823107
1.5869377705545928
-0.794159554115535
-0.7934688852772964
1.5212354508137276
1.5869267182068727
-0.7606177254068638
-0.7934633591034363
1.4527197758545962
1.5854210983303887
-0.7263598879272981
-0.7927105491651943
1.3827430545808315
1.5823201391479276
-0.6913715272904157
-0.7911600695739638
1.3112761693567172
1.5775129565506019
-0.6556380846783586
-0.7887564782753009
1.238290258827457
1.5708771715097438
-0.6191451294137285
-0.7854385857548719
1.1637571868958476
1.5622772924747146
-0.5818785934479238
-0.7811386462373573
1.0876501768547717
1.5515628161510078
-0.5438250884273859
-0.7757814080755039
1.0099446667072705
1.5385659900546718
-0.5049723333536352
-0.7692829950273359
0.9306194621369575
1.523099168253538
-0.4653097310684787
-0.761549584126769
0.8496582921701862
1.5049516776073162
-0.4248291460850931
-0.7524758388036581
0.7670519128244644
1.4838860957674085
-0.3835259564122322
-0.7419430478837042
0.6828009611108105
1.459633824981949
-0.34140048055540523
-0.7298169124909745
0.5969198431657458
1.4318898294487434
-0.2984599215828729
-0.7159449147243717
0.5094420569718752
1.4003063931888093
-0.2547210284859376
-0.7001531965944047
0.4204275178574576
1.3644857597113842
-0.2102137589287288
-0.6822428798556921
0.32997269600073925
1.32397155300831
-0.16498634800036963
-0.661985776504155
0.23822471955474214
1.2782389882008482
-0.11911235977737107
-0.6391194941004241
0.14540108167452295
1.2266841288674564
-0.07270054083726148
-0.6133420644337282
0.05181725002665344
1.1686129661530698
-0.02590862501332672
-0.5843064830765349
-0.042074682359736826
1.1032321178824258
0.021037341179868413
-0.5516160589412129
-0.1356322550150029
1.0296448862686416
0.06781612750750145
-0.5148224431343208
-0.22794920389449325
0.9468599382010006
0.11397460194724662
-0.4734299691005003
-0.31775874304321966
0.8538258946875487
0.15887937152160983
-0.42691294734377433
-0.4033154272778477
0.7495143326487708
0.20165771363892385
-0.3747571663243854
-0.48227302629727875
0.6330847163480012
0.24113651314863938
-0.3165423581740006
-0.5516096193041129
0.5041690518102737
0.27580480965205645
-0.25208452590513686
-0.6077051642541509
0.36328761853317015
0.30385258212707544
-0.18164380926658508
-0.6467198662284852
0.212311765960332
0.3233599331142426
-0.106155882980166
-0.6653568032350446
0.05472384675412526
0.3326784016175223
-0.02736192337706263
-0.6618213535558308
-0.10466606326606387
0.3309106767779154
0.052333031633031935
-0.6364623099868665
-0.2606446704453633
0.31823115499343324
0.13032233522268166
-0.5916409783516672
-0.408744795801502
0.2958204891758336
0.204372397900751
-0.5309266934070889
-0.5459895260545876
0.26546334670354443
0.2729947630272938
-0.45815562875181104
-0.6709751567564644
0.22907781437590552
0.3354875783782322
-0.37678494978239585
-0.7835110144882164
0.18839247489119793
0.3917555072441082
-0.28962405691571447
-0.8841528666301516
0.14481202845785723
0.4420764333150758
-0.19881960125657497
-0.9738252739242684
0.09940980062828748
0.4869126369621342
-0.10595370454539843
-1.053577778895681
0.052976852272699215
0.5267888894478405
-0.012168378276651737
-1.124449749727149
0.006084189138325868
0.5622248748635745
0.08172212489263858
-1.1874056229471033
-0.04086106244631929
0.5937028114735516
0.17514202840409904
-1.2433103582788596
-0.08757101420204952
0.6216551791394298
0.2676872182069763
-1.292925813098116
-0.13384360910348814
0.646462906549058
0.3590766918835895
-1.3369169552923845
-0.17953834594179474
0.6684584776461923
0.44911774826427153
-1.3758619741636084
-0.22455887413213577
0.6879309870818042
0.5376811415846264
-1.4102632907802886
-0.2688405707923132
0.7051316453901443
0.624683338967306
-1.4405580647562
-0.312341669483653
0.7202790323781
0.7100738084662903
-1.4671276253626746
-0.35503690423314516
0.7335638126813373
0.7938258677981076
-1.4903056695136079
-0.3969129338990538
0.7451528347568039
0.8759300607482245
-1.5103852636497201
-0.4379650303741123
0.7551926318248601
0.9563893367493066
-1.5276247676819112
-0.4781946683746533
0.7638123838409556
1.0352155244805543
-1.5422528238431072
-0.5176077622402772
0.7711264119215536
1.11242674010334
-1.554472551349208
-0.55621337005167
0.777236275674604
1.1880454749937253
-1.5644650744902269
-0.5940227374968626
0.7822325372451134
1.2620971806568324
-1.5723924948036885
-0.6310485903284162
0.7861962474018442
1.3346092196514177
-1.578400400957783
-0.6673046098257088
0.7892002004788915
1.4056100874947337
-1.58261999446398
-0.7028050437473669
0.79130999723199
1.4751288362310881
-1.5851698958861207
-0.7375644181155441
0.7925849479430603
1.5431946487693051
-1.5861576848580659
-0.7715973243846526
0.7930788424290329
1.6098365263848287
-1.5856812177896353
-0.8049182631924143
0.7928406088948177
1.6750830614370433
-1.5838297593781063
-0.8375415307185217
0.7919148796890532
1.7389622744132505
-1.580684957687422
-0.8694811372066252
0.790342478843711
1.801501499607955
-1.5763216873672845
-0.9007507498039775
0.7881608436836423
1.8627273075952981
-1.5708087813487763
-0.9313636537976491
0.7854043906743882
1.9226654555199425
-1.5642096678945818
-0.9613327277599713
0.7821048339472909
1.9813408583797592
-1.5565829270537668
-0.9906704291898796
0.7782914635268834
2.038777576091098
-1.5479827782537714
-1.019388788045549
0.7739913891268857
2.094998812351267
-1.5384595088589423
-1.0474994061756335
0.7692297544294712
2.1500269222430037
-1.5280598519572897
-1.0750134611215019
0.7640299259786448
2.2038834262356097
-1.5168273203423066
-1.1019417131178049
0.7584136601711533
2.2565890287812365
-1.5048025025838405
-1.1282945143906182
0.7524012512919203
2.3081636401228045
-1.4920233261903983
-1.1540818200614023
0.7460116630951992
2.3586264002522803
-1.4785252921218994
-1.1793132001261402
0.7392626460609497
2.407995704207117
-1.464341684290218
-1.2039978521035586
0.732170842145109
2.456289228085578
-1.4495037571632985
-1.228144614042789
0.7247518785816492
2.5035239553113566
-1.4340409041497193
-1.2517619776556783
0.7170204520748596
2.5497162027941718
-1.417980809070115
-1.2748581013970859
0.7089904045350575
2.5948816467233944
-1.4013495827082123
-1.2974408233616972
0.7006747913541062
2.6390353478020065
-1.3841718861679226
-1.3195176739010033
0.6920859430839613
2.6821917757827514
-1.366471042536154
-1.3410958878913757
0.683235521268077
2.7243648332106503
-1.3482691381573648
-1.3621824166053251
0.6741345690786824
2.7655678783087887
-1.3295871146600753
-1.3827839391543943
0.6647935573300376
2.8058137469694984
-1.3104448527331995
-1.4029068734847492
0.6552224263665998
2.8451147738324
-1.2908612485275412
-1.4225573869162
0.6454306242637706
2.883482812445501
-1.2708542834520737
-1.4417414062227505
0.6354271417260369
2.9209292545166097
-1.2504410880431585
-1.4604646272583048
0.6252205440215792
2.9574650482706044
-1.2296380005055623
-1.4787325241353022
0.6148190002527811
2.9931007159340948
-1.208460620455214
-1.4965503579670474
0.604230310227607
3.0278463703732883
-1.1869238583336037
-1.5139231851866441
0.5934619291668018
3.0617117309137933
-1.1650419809113242
-1.5308558654568967
0.5825209904556621
3.094706138372933
-1.1428286532524057
-1.5473530691864665
0.5714143266262028
3.126838569336183
-1.1202969774709066
-1.5634192846680914
0.5601484887354533
3.158117649709741
-1.0974595285759157
-1.5790588248548705
0.5487297642879578
3.188551667581161
-1.0743283876700562
-1.5942758337905805
0.5371641938350281
3.2181485854195397
-1.0509151727391848
-1.6090742927097699
0.5254575863695924
3.2469160516460325
-1.0272310672467702
-1.6234580258230162
0.5136155336233851
3.2748614116045713
-1.0032868467250289
-1.6374307058022857
0.5016434233625144
3.3019917179616076
-0.9790929035359017
-1.6509958589808038
0.48954645176795086
3.3283137405625727
-0.9546592699580996
-1.6641568702812863
0.4773296349790498
3.3538339757715514
-0.9299956397414504
-1.6769169878857757
0.4649978198707252
3.3785586553194435
-0.9051113882564226
-1.6892793276597218
0.4525556941282113
3.4024937546846523
-0.8800155913547871
-1.7012468773423262
0.44000779567739357
3.4256450010291237
-0.8547170430467277
-1.7128225005145619
0.42735852152336384
3.44801788071135
-0.8292242720901909
-1.724008940355675
0.41461213604509545
3.4696176463967774
-0.8035455575797276
-1.7348088231983887
0.4017727787898638
3.4904493237849126
-0.7776889436144284
-1.7452246618924563
0.3888444718072142
3.510517717971338
-0.7516622531176758
-1.755258858985669
0.3758311265588379
3.5298274194617587
-0.7254731008752557
-1.7649137097308794
0.36273655043762787
3.5483828098542114
-0.699128905852809
-1.7741914049271057
0.3495644529264045
3.566188067204587
-0.6726369028485839
-1.7830940336022936
0.33631845142429195
3.5832471710896745
-0.6460041535329331
-1.7916235855448372
0.32300207676646653
3.599563907381081
-0.6192375569219128
-1.7997819536905404
0.3096187784609564
3.615141872742501
-0.5923438593286595
-1.8075709363712504
0.29617192966432976
3.629984478862044
-0.565329663832876
-1.814992239431022
0.282664831916438
3.6440949564305267
-0.5382014393057566
-1.8220474782152634
0.2691007196528783
3.6574763588759494
-0.510965529024941
-1.8287381794379747
0.2554827645124705
3.670131565863657
-0.4836281589116266
-1.8350657829318284
0.2418140794558133
3.6820632865710357
-0.45619544541972884
-1.8410316432855178
0.22809772270986442
3.693274062744982
-0.42867340310495955
-1.846637031372491
0.21433670155247977
3.7037662715497626
-0.4010679518998639
-1.8518831357748813
0.20053397594993194
3.7135421282123433
-0.3733849241192007
-1.8567710641061717
0.18669246205960036
3.7226036884716915
-0.34563007121856093
-1.8613018442358458
0.17281503560928047
3.7309528508380625
-0.3178090703277665
-1.8654764254190312
0.15890453516388325
3.738591358667776
-0.28992753057938536
-1.869295679333888
0.14496376528969268
3.7455208020584974
-0.26199099925160335
-1.8727604010292487
0.13099549962580168
3.7517426195696135
-0.23400496774372284
-1.8758713097848068
0.11700248387186142
3.757258099771809
-0.2059748774016861
-1.8786290498859044
0.10298743870084305
3.7620683826295602
-0.17790612521025234
-1.8810341913147801
0.08895306260512617
3.7661744607198373
-0.14980406936777718
-1.8830872303599187
0.07490203468388859
3.769577180289887
-0.12167403475895079
-1.8847885901449435
0.060837017379475396
3.7722772421566213
-0.09352131834034066
-1.8861386210783107
0.04676065917017033
3.774275202449708
-0.06535119445314991
-1.887137601224854
0.032675597226574954
3.775571473200128
-0.03716892007724233
-1.887785736600064
0.018584460038621166
3.776166322775572
-0.008979740040196313
-1.888083161387786
0.004489870020098157
3.776059876163693
0.019211107805071296
-1.8880299380818466
-0.009605553902535648
3.775252115103895
0.04739838742072375
-1.8876260575519475
-0.023699193710361874
3.773742878067943
0.07557685942916627
-1.8868714390339716
-0.037788429714583134
3.7715318600893726
0.1037412759496752
-1.8857659300446863
-0.0518706379748376
3.7686186124412773
0.13188637541317677
-1.8843093062206386
-0.06594318770658839
3.7650025421617443
0.16000687734175167
-1.8825012710808722
-0.08000343867087584
3.760682911425805
0.18809747707926866
-1.8803414557129026
-0.09404873853963433
3.755658836762441
0.21615284045931082
-1.8778294183812205
-0.10807642022965541
3.7499292881147976
0.24416759839624938
-1.8749646440573988
-0.12208379919812469
3.743493087741392
0.27213634138493903
-1.871746543870696
-0.13606817069246951
3.7363489089557156
0.3000536138940536
-1.8681744544778578
-0.1500268069470268
3.7284952747012445
0.32791390863754705
-1.8642476373506223
-0.16395695431877352
3.719930555958462
0.3557116607081088
-1.859965277979231
-0.1778558303540544
3.7106529699800834
0.38344124155577763
-1.8553264849900417
-0.19172062077788882
3.7006605783502495
0.4110969527940816
-1.8503302891751248
-0.2055484763970408
3.6899512848630054
0.438673019815171
-1.8449756424315027
-0.2193365099075855
3.6785228332149087
0.46616358519440837
-1.8392614166074543
-0.23308179259720418
3.6663728045061577
0.49356270186375406
-1.8331864022530788
-0.24678135093187703
3.65349861454409
0.5208643260320378
-1.826749307272045
-0.2604321630160189
3.6398975109424176
0.5480623098288191
-1.8199487554712088
-0.27403115491440955
3.625566570008977
0.5751503936470026
-1.8127832850044885
-0.2875751968235013
3.610502693414234
0.6021221981576734
-1.805251346707117
-0.3010610990788367
3.5947026046321513
0.628971215968734
-1.7973513023160756
-0.314485607984367
3.5781628451444103
0.6556908028968484
-1.7890814225722051
-0.3278454014484242
3.560879770398306
0.6822741688198969
-1.780439885199153
-0.34113708440994844
3.5428495455079476
0.7087143680746095
-1.7714247727539738
-0.35435718403730476
3.524068140687638
0.7350042893612395
-1.762034070343819
-0.36750214468061976
3.504531326405563
0.7611366451140376
-1.7522656632027815
-0.3805683225570188
3.4842346682450893
0.7871039602928582
-1.7421173341225447
-0.3935519801464291
3.4631735214601247
0.8128985605474364
-1.7315867607300623
-0.4064492802737182
3.4413430252100996
0.838512559701674
-1.7206715126050498
-0.419256279850837
3.4187380964591956
0.8639378465006159
-1.7093690482295978
-0.43196892325030795
3.3953534235234466
0.8891660705576415
-1.6976767117617233
-0.44458303527882076
3.3711834592483485
0.9141886274336605
-1.6855917296241743
-0.45709431371683024
3.346222413798506
0.9389966427737384
-1.673111206899253
-0.4694983213868692
3.320464247039765
0.9635809554194942
-1.6602321235198825
-0.4817904777097471
3.2939026604931225
0.9879320994077194
-1.6469513302465613
-0.4939660497038597
3.266531088838527
1.0120402847568744
-1.6332655444192634
-0.5060201423784372
3.2383426909454824
1.0358953769332886
-1.6191713454727412
-0.5179476884666443
3.209330340406143
1.0594868748779154
-1.6046651702030714
-0.5297434374389577
3.1794866155453687
1.0828038874621788
-1.5897433077726844
-0.5414019437310894
3.148803788881001
1.1058351082276747
-1.5744018944405005
-0.5529175541138374
3.1172738160064473
1.128568788248983
-1.5586369080032236
-0.5642843941244915
3.0848883238665565
1.150992706941435
-1.5424441619332783
-0.5754963534707175
3.0516385983967798
1.1730941406160458
-1.5258192991983899
-0.5865470703080229
3.017515571494748
1.1948598285616656
-1.508757785747374
-0.5974299142808328
2.9825098072927867
1.2162759364093598
-1.4912549036463933
-0.6081379682046799
2.9466114876995446
1.2373280165056593
-1.4733057438497723
-0.6186640082528296
2.9098103971789735
1.2580009649891324
-1.4549051985894867
-0.6290004824945662
2.872095906735487
1.2782789752281456
-1.4360479533677435
-0.6391394876140728
2.8334569570753847
1.2981454872359897
-1.4167284785376923
-0.6490727436179948
2.7938820409167793
1.3175831326319836
-1.3969410204583896
-0.6587915663159918
2.753359184423555
1.3365736746627537
-1.3766795922117776
-0.6682868373313768
2.711875927743647
1.3550979427355165
-1.3559379638718234
-0.6775489713677583
2.669419304638545
1.3731357608435615
-1.3347096523192725
-0.6865678804217807
2.6259758211999715
1.390665869181631
-1.3129879105999858
-0.6953329345908155
2.5815314336617363
1.4076658381537195
-1.2907657168308682
-0.7038329190768597
2.536071525330745
1.4241119738656915
-1.2680357626653724
-0.7120559869328458
2.489580882682053
1.4399792140674212
-1.2447904413410265
-0.7199896070337106
2.4420436706900817
1.4552410133606974
-1.2210218353450408
-0.7276205066803487
2.3934434075033812
1.4698692163160887
-1.1967217037516906
-0.7349346081580443
2.34376293861589
1.4838339169397028
-1.171881469307945
-0.7419169584698514
2.292984410746312
1.4971033026937395
-1.146492205373156
-0.7485516513468697
2.2410892457127747
1.5096434809961479
-1.1205446228563873
-0.7548217404980739
